100	424
100010	7
100017	1
100032	1
100042	1
100046	1
100089	3
100185	3
100196	4
100270	2
100272	5
100450	11
100490	1
100529	2
100540	1
100830	1
101	433
101281	7
101289	1
101362	115
101653	2
1018	109
101887	1
101904	3
102	195
102039	1
102051	8
102165	2
102242	1
102286	4
1023	306
102305	1
1024	106
102517	2
102533	2
102541	2
102596	2
102860	1
102899	1
102901	1
102949	2
102961	2
103	92
103048	58
103162	1
103164	1
103203	2
103210	19
103269	1
103299	10
103301	1
103413	1
103489	1
103528	2
103539	94
103590	1
103667	5
103688	187
103747	2
103753	3
1039	5
103972	3
104	2021
1040	13
104155	6
104211	234
104241	156
104274	9
104317	2
104374	331
104431	3
104449	1
104638	1
104644	2
104776	2
104863	33
1049	504
105	1039
1050	156
105073	1
105098	2
1051	131
105130	2
105133	5
105157	1
1052	4
105246	6
105254	9
105325	3
105404	1
105406	1
105529	1
105531	3
105593	49
105703	3
105778	2
1058	11
105833	1
105869	22
1059	1166
105952	1
105972	3
106	15
106017	1
106222	4
106254	6
106344	4
106495	1
106646	2
106729	1
106739	1
106848	3
106970	1
107	678
107052	3
107081	1
1073	3051
107352	3
107357	5
107406	326
107412	10
107426	2
107445	1
1075	13
107612	1
107643	1
107743	1
107745	2
107846	2
107916	3
107928	2
107978	12
107999	2
108	15
108063	1
108200	4
108220	5
108246	4
108401	4
108476	1
108501	14
108512	1
108540	24
108564	1
108789	1
1088	1206
108852	1
108879	3
1089	3196
108930	1
108949	10
1090	1640
109074	2
1091	556
109161	7
1092	1176
109251	1
1093	845
109323	2
109364	6
109379	2
109416	4
109425	6
109441	1
109520	1
109841	1
109887	1
109991	1
11	1761
110	6101
110123	1
110130	7
1103	672
110372	1
110390	2
110415	1
110433	2
110447	1
110457	2
110486	1
110501	64
110553	223
110603	17
110669	20
110748	1
110899	1
111	2855
111031	2
111261	1
111310	1
111332	2
1114	39
111443	100
111460	1
1115	4
1116	14
111732	5
111759	942
111815	2
111913	5
112	1215
112087	16
112283	2
112293	2
1123	23
1124	474
112454	1
112460	10
112485	1
1125	568
112582	16
1126	332
112655	1
112672	1
1127	1745
112735	1
112767	7
113	112
113105	2
113300	1
113364	5
113374	5
113432	1
113582	2
113757	1
113843	2
113947	1
114	26
114003	1
114033	16
114044	10
114046	3
114060	67
114146	1
114184	12
114242	7
114246	42
114394	2
114426	1
114464	2
114838	1
114875	1
114888	2
114922	1
115	7
115109	2
115162	1
115210	295
115386	1
115711	2
115871	3
115877	9
115903	1
115909	2
115929	2
116	81
116155	2
1162	71
116231	1
1163	33
1164	15
116463	4
116495	1
116853	2
116857	3
116977	72
117	125
117340	1
117424	1
117464	5
117472	2
117506	2
117913	1
117924	1
118	118
118236	2
118390	2
118576	1
118760	9
118872	2
118900	83
118946	1
119685	3
12	412
120	18
120122	1
120280	1
120292	3
120478	14
120637	28
120831	3
120833	1
120835	1
120942	3
121	81
121003	1
121111	6
121113	2
121135	3
121245	1
1213	3155
121455	1
121727	1
122	384
122525	1
122787	1
122884	30
122894	2
122924	204
122982	1
123	242
123103	1
123107	1
123109	1
123229	1
123359	2
123553	1
123979	1
124	32
124217	1
1244	902
1245	632
124521	1
1246	2402
1247	1853
1248	449
124837	1
124851	1
124853	1
1249	916
1250	1324
125077	2
1251	316
1252	1639
1253	612
125337	1
1254	533
1255	199
125521	1
125531	1
125537	1
125541	1
125587	2
1257	548
125700	1
125874	3
1259	2164
125926	9
125952	2
1260	447
126016	2
126076	2
126090	14
126122	1
126132	1
126136	2
126140	2
126148	1
126152	2
126172	1
126186	1
1262	1143
126420	1
126432	1
1265	3523
126550	2
126560	1
1266	1452
1267	902
126749	2
126777	1
126781	2
126783	1
126797	1
1268	310
1269	661
126919	3
126925	1
126927	3
126929	3
126947	1
126963	1
127	3
127021	2
127040	2
127098	111
1271	979
127146	17
127148	2
127186	4
1272	903
1273	275
127323	9
127445	1
127585	1
1277	424
127728	1
1278	1525
1279	245
128	7
1280	311
128089	6
1281	404
128149	1
128169	2
1282	1258
128201	1
1283	476
1284	578
1285	1129
128508	2
128564	1
128588	1
128598	1
128606	11
128614	1
128671	6
128679	3
128842	3
128846	2
128862	3
128876	2
128960	2
129	20
129009	3
129229	1
129237	1
129820	1
129830	1
129851	1
129933	1
13	176
130233	3
130269	2
130374	2
130402	1
130450	22
130452	16
130458	2
130474	7
130492	2
130900	1
131027	1
131098	1
131433	4
131457	3
131476	2
131478	5
131739	14
131830	5
131932	1
132	216
132128	6
132144	1
132150	2
132232	1
132298	1
132344	1
132422	2
132551	1
132608	1
132883	4
132961	21
133	2
133119	1
133121	1
133123	5
133131	2
133137	3
133183	1
133241	1
133255	3
133365	2
133441	1
133643	1
133716	2
133741	1
133792	1
133879	1
133941	1
134	3
134126	1
134158	2
134238	3
134368	179
134374	8
134569	4
134777	2
134881	25
135	702
135198	1
135200	1
135204	1
135210	1
135260	1
135286	1
135362	1
135536	168
135659	1
135695	3
135787	2
135799	1
1358	1376
1359	400
136	13
1360	9
1361	143
136190	2
1363	143
136311	1
136339	2
136345	3
1364	7
136459	7
1365	110
136576	1
1366	188
136698	6
1367	912
136742	1
136752	2
136762	1
136786	2
1368	1
136884	1
1369	13
137	28
1370	1613
137014	1
1371	1082
137174	1
1372	1162
1373	819
137315	1
1374	1635
137475	1
137484	1
1375	1120
137563	4
137587	1
1376	1403
137614	1
1377	1336
137757	1
1378	737
137859	1
1379	340
138	14
1380	1651
138038	1
1381	394
1382	114
138202	3
138308	2
138686	1
1387	2305
138754	1
1389	216
139	7
1391	1768
139195	1
1392	172
1393	2359
1394	1507
139519	2
139575	4
1396	1293
139651	2
139715	2
139777	1
139799	1
1398	89
139863	8
14	579
140	506
140174	270
140212	2
140231	1
140383	5
1404	65
140423	2
140441	1
140465	2
140481	19
1405	1000
140527	1
140541	1
1406	40
1407	1707
1408	1247
140818	1
141	2356
1410	55
141058	1
1411	615
141131	2
1412	31
1413	42
1414	157
141418	2
1415	28
141520	2
1416	575
1417	72
141733	1
141757	1
141810	3
141884	1
1419	145
141950	3
141976	1
142	3
1420	8
142012	1
142052	2
142064	2
142084	1
1421	13
142115	20
142119	1
142150	1
1422	291
142374	5
142507	22
1427	69
1428	30
1429	317
143	3
1430	19
1433	7
143355	65
143547	3
143876	1
1439	34
144	459
1440	69
1441	600
144288	2
1443	2
144326	2
144336	2
144340	2
144344	2
144390	2
1444	16
144410	3
144430	2
144436	2
144444	2
144464	2
144498	3
144560	2
144570	2
144580	2
144610	2
144686	2
144784	1
1448	6
144982	8
145	1346
1450	18
145066	4
145132	1
145186	1
145194	2
146	62
146030	1
146072	1
146184	1
146270	1
146904	1
146926	1
146970	1
147	485
147132	1
147264	2
147441	2
147621	1
147692	1
147726	1
1479	872
147903	1
147923	1
148	38
1480	181
148034	2
148044	2
1482	41
148284	1
1483	269
148357	1
1484	87
148478	1
148482	3
1485	1973
148652	26
148675	1
148697	1
1487	163
1488	350
149	105
149154	1
149170	1
149172	1
149180	2
1493	28
1495	75
149586	1
1496	29
1497	79
149723	5
149725	1
149727	1
1498	111
149832	1
1499	615
15	299
150	5281
150010	1
150140	1
150226	1
150657	1
150778	2
150838	1
151062	1
151687	7
151693	2
151731	2
151933	6
152	54
1523	32
152539	1
152635	1
152912	1
153	3507
1534	8
153444	1
1535	76
1537	424
1538	16
1539	27
154	276
1541	204
1542	209
154276	3
1543	4
1544	1581
154400	2
154430	2
154442	1
154582	1
1546	37
1547	32
154786	1
1548	5
1549	14
155	114
1550	80
155084	1
1551	33
1552	1520
155288	28
1553	6
1554	129
1555	10
155597	1
1556	572
1557	2
155796	1
1559	1
156	140
156015	1
1561	5
156145	1
1562	1063
1563	21
156547	3
1566	629
1567	8
1568	1
156896	2
156917	1
157	243
157075	1
1571	34
1572	66
1573	1949
157373	2
1574	10
157683	1
1577	4
1578	5
157847	2
157851	4
1579	3
158	1374
1580	3873
158009	1
158011	1
158013	1
158015	1
1581	61
158113	1
158238	169
1583	26
158382	4
1584	2250
1585	22
158589	1
1586	761
1587	776
158743	1
1588	483
158864	1
1589	533
158900	1
158914	1
158916	1
158936	1
158942	1
159	218
1590	787
159000	1
159024	1
1591	598
159153	4
159167	1
159185	3
1592	148
159203	1
159211	1
1593	166
1594	257
159447	1
1595	90
1596	54
159636	1
159638	1
1597	1122
1598	90
159849	6
1599	70
16	1899
160	1497
1600	72
160706	1
160718	81
1608	1507
160874	4
1609	90
161	2427
1610	2260
161024	6
1611	249
161179	1
161187	1
1613	36
1615	253
1616	398
161620	1
1619	518
162	589
1620	517
1621	66
1622	10
1623	100
162374	1
162396	6
1624	64
162472	1
162512	1
162592	6
1626	85
1627	243
1628	7
162864	1
162880	1
1629	100
163	1489
1630	4
1631	42
1632	23
1633	245
163312	1
163376	1
1635	584
1636	9
1639	1459
163937	10
164	408
1640	61
1641	1590
1642	65
1643	249
1644	849
1645	1336
1646	73
1647	68
164741	1
1648	154
1649	128
165	3737
165023	1
1651	17
1652	8
1653	2157
1654	72
1655	83
165567	1
1656	12
1659	13
166	65
1660	113
1661	65
1662	20
1665	367
1666	18
166643	124
1667	107
166747	1
166773	1
166798	1
1669	26
167	7
1672	420
1673	1480
167330	1
167424	1
1675	13
167502	1
167556	1
1676	1689
167644	2
1677	19
167738	19
1678	446
1679	21
168	1212
1680	790
168056	1
168114	1
1682	3056
1683	188
168408	3
168426	1
1685	5
168530	1
1686	105
1687	470
168712	18
168742	1
1688	468
168864	1
1689	215
169	361
1690	1260
169020	1
1694	282
1696	24
1697	6
169758	1
169788	1
1698	6
169800	1
169842	1
169864	29
169962	1
17	2251
170	939
1701	295
1702	492
170263	2
170277	1
170279	1
170399	6
170477	1
1705	6
171	124
1710	4
171213	1
1713	228
1714	6
1715	11
1716	3
1717	787
171759	3
171769	1
171771	1
1718	13
1719	353
172	1317
1720	8
172003	1
1721	3879
1722	1300
1723	8
1724	5
1725	20
172535	1
172577	1
1726	251
1727	225
172705	1
172803	2
1729	1278
172913	1
173	1574
1730	179
1731	89
1732	2521
1734	175
173421	1
173443	1
173467	1
173499	1
1735	315
1738	3
173847	1
174	222
174371	1
174865	1
175	521
175245	1
175553	1
175555	1
176	228
176037	1
177	226
1770	17
1771	40
1772	341
1773	15
1774	5
1776	4
1777	1490
1779	671
178	39
1781	2
1782	7
1783	130
1785	126
1787	4
1788	74
1789	6
179	111
1791	59
1792	519
1793	6
18	537
180	884
1807	20
1809	100
1810	386
1811	9
1812	26
1815	2
1816	77
1817	12
1819	1
182	69
1824	48
1825	29
1826	44
1829	21
183	53
1830	2
1831	882
1832	6
1833	278
1834	431
1835	564
1836	162
1837	50
184	35
1840	169
1841	77
1842	3
1843	9
1844	66
1845	225
1846	33
1848	179
1849	6
185	2501
1850	13
1852	3
1853	13
1857	32
1858	117
1859	38
186	1151
1863	123
1865	32
187	92
1870	36
1871	5
1872	7
1873	298
1874	18
1875	99
1877	7
1878	23
1879	12
1880	39
1882	875
1883	510
1884	1014
1885	388
1887	61
1888	307
189	26
1890	9
1891	12
1892	430
1893	20
1894	572
1895	339
1896	23
1899	9
19	2286
1900	80
1901	8
1902	27
1903	7
1904	79
1906	33
1907	1040
1908	3
1909	1288
1911	793
1912	815
1913	151
1914	248
1915	3
1917	2407
1918	999
1919	95
192	9
1920	416
1921	1016
1922	19
1923	2639
1924	211
1926	17
1927	252
193	859
1930	9
1931	191
1933	14
1934	80
1936	72
1937	51
1938	106
1939	177
194	571
1940	62
1941	78
1942	76
1944	273
1945	566
1946	119
1947	901
1948	127
1949	188
195	314
1950	337
1951	223
1954	1657
1955	519
1956	449
1957	734
1958	496
1959	536
196	1461
1961	2907
1963	215
1964	188
1965	657
1966	160
1967	915
1968	2478
1969	226
197	11
1970	251
1975	189
1976	156
1977	151
1978	128
1979	152
198	917
1984	122
1985	103
1986	100
1987	66
1988	30
1989	22
199	156
1990	18
1991	272
1992	139
1993	105
1994	956
1995	165
1996	106
1997	1452
1998	101
1999	106
2	2396
20	448
200	36
2000	1878
2001	1432
2002	988
2003	1227
2004	515
2005	1204
2006	1458
2007	35
2008	8
2009	408
201	37
2010	606
2011	2234
2012	2247
2013	530
2014	199
2015	229
2016	98
2017	91
2018	794
2019	1267
2020	808
2021	1004
2022	282
2023	1239
2024	79
2026	138
2028	4619
2029	49
203	525
2033	157
2034	215
2038	127
2039	8
204	813
2042	264
2043	111
2044	29
2045	45
2046	586
2047	17
2048	147
2049	28
205	120
2054	1753
2055	27
2056	24
2057	61
2058	939
2059	364
206	84
2061	14
2062	48
2064	732
2067	591
2069	105
207	564
2071	131
2072	348
2074	25
2075	55
2077	87
2078	1017
2079	16
2080	1100
2082	498
2084	104
2085	851
2086	20
2087	799
2088	337
2089	263
2091	107
2093	192
2094	770
2095	79
2097	131
2098	35
2099	147
21	2357
2100	1267
2102	117
2103	20
2104	29
2105	1072
2107	240
2108	683
2109	796
211	55
2110	233
2111	205
2112	265
2114	364
2115	2329
2116	569
2117	298
2118	339
2119	143
212	52
2122	276
2123	272
2124	880
2125	607
213	159
2132	278
2133	443
2134	637
2135	208
2139	472
214	91
2140	832
2141	489
2142	222
2143	321
2144	928
2148	126
2149	78
215	631
2151	169
2152	87
2153	296
2154	107
2155	189
2157	14
216	962
2160	863
2161	1095
2162	221
2163	187
2164	27
2165	83
2166	107
2168	53
2169	117
217	104
2171	117
2172	14
2176	323
2179	40
218	404
2180	55
2182	72
2185	40
2186	531
2189	13
219	69
2191	10
2192	3
2193	1003
2195	112
2196	44
2197	18
2199	11
22	1007
220	27
2200	8
2202	143
2204	74
2207	14
2210	53
2211	25
2212	111
222	577
223	2403
2232	735
2239	57
224	876
2241	63
2246	6
225	1243
2251	3
2252	165
2253	414
2255	43
2259	135
226	3
2260	30
2261	115
2262	205
2263	151
2264	63
2266	110
2267	55
2268	1668
2269	339
227	460
2270	3
2274	3
2275	70
2277	1
228	56
2280	97
2282	230
2284	48
2286	21
2287	151
2288	1029
2289	748
229	203
2290	101
2291	2368
2292	17
2293	7
2294	1166
2295	49
2297	462
2300	629
2302	1491
2307	30
2309	3
231	3408
2310	66
2312	271
2313	707
2319	2
232	578
2320	183
2321	1416
2322	237
2323	26
2324	2238
2325	191
233	319
2330	77
2331	116
2332	16
2333	440
2334	327
2335	718
234	305
2348	241
2349	133
235	1581
2355	2276
2357	242
2359	709
236	1248
2360	235
2362	43
2363	243
237	625
2370	89
2371	680
238	85
2383	248
239	360
2395	1464
2397	14
24	833
240	74
241	55
242	103
2428	645
243	52
2433	391
2436	120
2438	2
244	31
2440	38
2441	22
2442	135
2444	5
2447	325
245	23
2453	116
2454	353
2455	1103
2457	113
2459	358
246	1035
2460	101
2462	61
2463	326
2469	366
247	738
2470	1290
248	323
2486	13
2487	9
249	439
2493	26
25	2274
250	84
2501	824
2502	2211
2503	6
251	28
2516	50
2517	259
252	1048
2525	81
2527	427
2528	507
253	2824
2539	1021
254	58
2546	99
255	125
256	1069
2565	393
2566	38
2567	425
257	375
25736	3
25738	4
25739	1
2574	155
25741	6
25744	2
25746	8
25747	1
25748	1
2575	145
25750	38
25751	3
25752	12
25753	19
25755	14
25757	6
2576	6
25763	16
25764	17
25767	3
25768	1
25769	29
2577	30
25771	84
25773	11
25774	25
25778	1
25783	1
25786	2
25787	1
25789	7
25793	25
25795	11
25797	4
258	155
25801	6
25803	1
25807	5
25831	1
25832	2
25833	9
25834	5
25842	8
25843	1
25846	2
25852	7
25855	15
25858	1
25866	16
25868	17
25869	3
2587	91
25872	1
25874	4
25875	2
2588	2
25884	1
25890	3
25893	11
25894	1
25898	12
259	196
25900	5
25902	2
25903	4
25904	8
25905	7
25908	2
25913	3
25914	8
25915	2
25918	8
25919	1
25921	2
25922	3
25926	2
25927	23
2593	49
25934	9
25936	1
2594	269
25941	7
25943	9
25944	2
25950	3
25951	3
25952	7
25956	1
25961	8
25970	1
25975	1
25977	7
25993	4
25994	1
25998	2
26	270
260	7100
26005	8
26009	4
26010	10
26018	1
26022	3
26030	1
26035	1
26038	7
2604	1
26042	1
26044	3
2605	916
26056	2
2608	1
2609	46
261	1132
2610	32
26108	1
2611	125
26111	34
26113	5
26116	24
26119	10
2612	113
26123	3
26124	7
26125	2
26127	1
2613	160
26130	1
26131	122
26133	127
26138	6
2614	25
26140	1
26141	3
26142	6
26146	4
26147	5
26152	89
26153	7
26155	6
26158	18
2616	654
26167	1
2617	1856
26170	11
26171	34
26172	39
26174	10
26175	2
26176	9
26177	1
26178	11
26180	2
26181	12
26185	5
26189	3
2619	3
26191	1
26195	3
26198	8
26199	13
262	456
2620	25
26203	21
26204	5
26205	3
2621	36
26215	1
26223	1
26225	9
2623	5
26230	3
26232	1
26242	94
26245	4
26246	25
2625	60
26251	3
26252	4
26255	3
26258	40
26259	3
26263	1
26266	3
26268	12
26269	11
26270	7
26271	7
26277	3
26280	12
26282	8
26283	13
26285	40
26290	1
26291	1
26299	10
26301	4
26302	13
26306	11
26314	1
26316	3
26317	5
26320	2
26323	2
26325	2
26326	46
26333	3
26334	5
26336	10
26340	20
26342	9
26347	14
26350	32
26354	1
26356	4
26357	1
2636	10
26360	5
26366	12
26368	1
26369	1
2637	19
26370	4
26371	11
26372	1
26378	5
26379	10
26380	4
26386	38
26387	6
26388	3
2639	110
26391	7
26393	10
26398	31
2640	1611
2642	532
26422	38
26425	28
26430	1
26431	5
26444	31
26450	1
26452	1
26465	6
26467	16
26479	10
2648	329
26483	5
26484	2
26488	13
2649	49
26491	16
26497	6
265	1130
26502	22
26504	18
26505	1
26509	10
26510	2
26513	29
26514	1
2652	32
26520	1
26521	3
26530	1
26538	4
26539	9
2654	91
26540	11
26547	35
2655	36
26550	12
26554	39
26555	89
26558	10
26560	5
26561	11
26564	19
26566	3
26567	13
26569	3
2657	1385
26571	1
26574	2
26578	34
26580	1
26581	2
26587	37
26593	5
26596	3
26599	12
266	1684
26600	1
26602	2
26603	40
26606	29
2661	53
26610	1
26612	9
26614	395
26615	1
26617	3
2662	533
26622	2
26630	10
26631	19
26638	2
26643	2
26644	10
2665	38
26655	1
2666	14
26663	16
2667	27
26676	5
26677	1
2668	141
26680	86
26686	26
26688	33
26689	2
2669	55
26691	9
26693	69
26694	20
26699	13
267	424
26700	21
26701	13
26702	8
26703	2
2671	1414
26710	1
26712	26
26714	2
26728	4
26730	3
26736	15
26743	19
26744	9
2675	8
26750	26
26755	2
26758	15
26761	2
26762	1
26765	1
26769	1
26774	4
26776	256
26782	11
26791	9
26792	8
26796	8
26797	4
268	63
26803	5
26810	22
26811	3
26813	1
26814	3
26826	1
26827	2
26831	2
26838	12
26841	6
26842	15
26843	2
26849	15
26850	4
26861	2
26865	68
2687	657
26873	5
26886	3
26889	1
269	42
2690	261
26911	1
26914	7
2692	1867
26925	10
26928	2
26939	28
2694	1010
26940	6
26941	1
26946	1
26947	34
26948	5
26949	3
26954	2
26958	2
26973	7
26974	43
26976	3
2698	3
26985	10
2699	1403
27	155
27003	10
27004	5
27009	8
2701	1211
27016	1
27022	20
27031	2
27033	23
27036	29
27040	3
27046	6
27064	6
27067	4
27070	2
27095	3
271	114
27103	1
27105	1
27112	6
27114	5
27134	15
27152	7
27171	1
27172	2
27176	4
272	736
27204	2
2721	72
27215	1
27217	1
2722	844
27223	2
27232	1
27236	1
27255	6
27261	1
27271	11
27273	1
27276	3
27277	1
2728	521
27292	2
27297	1
273	746
2731	273
27316	9
27317	158
27320	1
27327	8
27329	10
27332	1
27338	36
2734	265
27344	4
27350	3
27351	10
27362	12
27370	12
27376	21
27378	3
27391	20
27395	2
27397	40
274	120
27408	20
2742	4
27420	1
27431	4
27432	5
27441	26
27444	1
27447	2
27450	11
27451	3
27455	2
27456	13
27458	1
27459	1
27461	9
27472	1
2748	105
2749	69
275	159
2750	209
27506	2
27509	6
2752	95
27523	37
27526	1
2753	33
2754	7
27544	4
27548	2
27549	1
2755	22
27550	2
2756	28
27563	26
2757	74
27573	1
27576	2
2758	18
27584	27
2759	295
27595	2
27598	1
276	502
2760	5
2761	1004
27618	26
2762	4618
27620	5
27624	1
27631	1
27636	5
2764	274
27644	5
27646	4
27658	2
2767	24
27671	12
27674	67
27679	2
2768	11
27683	3
2769	70
27699	1
277	997
2770	1056
27706	464
2771	176
27711	7
27716	12
27717	4
27719	3
27721	188
27724	7
27735	6
27738	12
27740	2
27742	2
27743	2
27764	6
27768	9
27769	1
2777	11
2778	20
27786	3
2779	222
27793	43
278	125
27805	3
27815	158
27816	31
27824	3
27827	4
27834	61
27840	2
27841	1
27843	8
27847	2
27850	40
27857	22
2786	47
27862	3
27864	11
27865	19
27866	14
2787	109
27873	81
27875	4
2788	585
27884	7
2789	145
27899	62
279	79
27904	421
27905	31
27909	1
2791	2009
27919	2
27922	11
2798	185
28	293
280	487
2800	39
2805	492
281	376
2813	16
2817	77
2830	12
2832	3
284	5
2841	473
285	6
286	9
2860	216
2861	240
287	35
288	2448
2882	94
2887	13
289	308
2890	1261
2891	119
2892	11
2894	62
2895	2
2897	22
2898	88
2899	50
290	388
2900	87
2907	165
2909	4
291	70
2911	5
2912	333
292	2733
2923	16
2924	210
2925	83
2926	367
2927	84
2928	53
2929	136
293	3072
294	86
2959	5570
296	8028
2963	12
2965	38
2966	346
2969	53
297	23
2972	46
2973	397
2974	77
2976	358
2977	47
2978	100
2979	32
298	21
2981	10
2982	22
2984	18
2988	55
2989	431
299	246
2990	461
2993	461
2994	6
2998	9
3	1387
30	116
300	1985
3001	8
3003	14
3004	161
3007	223
301	35
3010	33
3011	109
3012	7
3013	53
3014	28
3016	284
3019	399
302	148
3021	23
3022	229
3023	2
3024	98
3025	11
3026	8
3028	68
303	720
3030	394
3031	40
3033	1253
3034	506
3035	225
3036	111
3037	414
3040	225
3041	46
3043	22
3048	35
3049	22
3050	13
3051	94
3052	1735
3053	255
3054	182
3055	55
3056	7
3057	6
3059	3
306	693
3060	527
3061	148
3062	264
3063	135
3064	51
3065	4
30695	2
307	674
30707	1239
30712	11
3072	854
30723	3
3073	15
3074	142
3075	110
3076	58
3077	114
3078	77
3079	133
30793	1071
308	512
3080	1
3081	1393
30810	683
3082	943
3083	443
3084	3
30846	55
3085	3
30856	1
3086	43
30861	2
30863	1
30867	12
3087	559
3088	351
3089	343
30892	17
309	36
3090	100
3092	18
3093	149
30942	1
30949	3
3097	151
30970	5
30977	2
30994	5
30996	3
310	23
31000	6
31004	1
3101	1249
31011	2
3102	139
31026	16
3103	39
31032	14
31035	18
3104	553
31040	1
31042	2
31047	1
31060	1
3107	855
31083	5
31086	4
3109	34
311	6
3110	21
31104	3
3111	123
31112	2
31116	39
3112	31
31123	10
3114	2650
31148	5
3115	54
31150	24
31152	2
31156	8
3116	3
31160	5
31162	26
31165	1
3117	45
3118	28
31184	89
312	123
31203	1
3121	16
3122	21
31221	168
31223	32
31225	127
3124	21
3125	106
31251	15
31263	5
3127	64
31270	24
31297	2
313	133
31309	15
3131	1
3132	18
3133	24
31337	2
3134	154
31340	1
31347	5
31353	1
31359	6
31362	1
31364	99
31374	13
31389	5
314	368
31408	17
31410	522
31413	2
31427	111
3144	20
31445	20
3145	107
3146	365
3149	9
31498	2
315	1159
31502	22
31522	20
31524	4
31535	1
31547	13
31549	3
31555	13
3159	427
31598	2
316	3272
3160	1269
31600	4
31610	1
3162	8
3164	1
31647	4
31655	1
31658	889
31664	5
3168	582
31680	2
31682	4
31685	683
31687	26
31692	1
31694	89
31696	699
317	1641
3170	2
31700	21
3171	15
3172	5
3173	456
31742	3
3175	1479
3176	1394
3177	148
31770	13
3178	456
3179	143
318	8478
31804	130
31856	1
31867	25
31869	3
31894	5
319	737
31900	2
31903	18
31909	7
31915	2
31921	1
31923	64
31930	16
31932	3
31948	8
31950	10
31952	52
31954	3
31973	6
31983	2
31991	1
31998	4
320	32
32013	7
32015	1
32029	143
32031	267
32049	2
32058	16
32060	3
32074	4
32076	11
32078	12
32082	1
32084	2
32088	5
321	89
3210	869
32109	1
32120	3
32122	1
32124	3
32128	11
32139	22
32149	5
32151	3
32158	2
32160	11
32162	5
32166	2
32196	10
322	294
32213	91
32234	5
32261	11
32263	6
32285	1
32294	1
32298	64
32302	29
32316	6
32318	2
32325	4
32329	2
32387	23
32389	2
32395	6
32444	2
32456	36
32497	2
32511	7
32520	1
32562	13
32582	25
32593	5
32596	172
326	135
32600	7
32617	7
32625	3
32627	11
32646	4
32649	5
32657	22
32666	5
32677	3
32686	2
32689	1
327	762
32707	3
32728	9
32825	13
32830	1
32834	6
32836	2
32862	8
32866	2
329	2699
3291	1
32928	2
3293	4
32941	2
33	10
330	154
33001	1
33049	1
33081	4
3309	24
331	43
33124	11
33126	9
33134	3
33138	40
33150	3
33152	5
33166	1020
332	220
33201	1
33245	3
33251	3
33255	3
33294	10
333	1159
33310	1
33318	1
33321	5
33340	4
33358	14
33380	4
33389	1
33393	1
334	169
33421	21
33454	10
33495	55
335	37
33539	12
33555	2
33558	10
33564	20
33592	8
336	31
33624	1
33641	3
33644	12
33660	539
33688	2
337	1788
33709	4
33725	25
33743	3
33799	5
338	447
33801	2
33817	34
33823	5
33838	16
339	2311
33914	1
3396	740
3397	228
33988	2
33998	1
340	151
34004	1
34016	2
34045	8
3405	65
34057	2
34065	6
34148	33
34158	1
34170	5
3418	1270
34193	4
342	1178
34214	1
3423	38
34231	4
3426	90
3427	40
34299	2
343	77
34312	3
34314	4
3432	46
34326	27
34334	100
344	4111
34469	8
34482	9
345	1007
34505	4
34528	77
34530	77
34583	3
346	100
34666	6
3469	190
34696	4
347	140
3472	9
34729	3
3476	565
34767	9
3478	207
3479	373
348	808
3480	116
34800	3
3483	274
3484	253
3485	3
3486	12
3489	980
349	3144
35	150
350	1564
3509	36
3511	64
3512	284
3513	262
3515	132
3520	13
3525	192
3526	493
3527	1582
3529	103
3536	418
3537	26
3539	49
3541	3
3543	338
3547	34
3549	142
3554	101
3556	701
3558	2
3563	53
3565	178
3573	12
3574	13
3575	4
3576	122
3577	22
3578	4264
3580	13
3581	96
3586	14
3587	34
3589	6
3591	290
3592	9
3593	446
3594	153
3595	6
35957	167
3596	38
3597	35
3598	118
3600	39
3602	26
3603	4
3604	43
36056	8
36247	3
36264	1
363	56
3632	35
3635	446
3638	502
36392	2
364	4172
3640	13
36401	282
36405	1
36511	4
36513	14
36519	243
36523	4
36527	90
36529	817
36576	1
36630	3
36683	2
36799	1
3681	529
3682	158
3683	481
36850	15
3686	410
3687	10
36883	2
3692	35
36931	19
3698	751
3699	391
3701	257
3716	30
37211	7
37257	2
37269	2
37335	5
37380	154
37462	4
37495	16
37545	10
37626	5
3763	304
3764	109
37653	4
3766	86
3767	52
377	4224
37720	142
37727	210
37731	152
37736	49
37744	1
3777	15
378	210
3780	15
3782	12
3784	179
37853	66
37857	94
3786	190
379	663
38	61
380	4599
38046	6
38061	662
381	542
38164	3
38198	12
38294	18
383	549
38304	62
38499	46
38583	8
3865	92
38688	1
387	70
3870	19
38701	7
3875	10
3877	129
388	59
38843	5
38849	4
38867	3
38884	1
389	20
390	86
3902	8
39048	1
391	35
39183	734
392	30
39231	137
393	249
39305	1
3933	16
3934	14
3936	67
39369	5
3937	64
3938	16
39398	9
39400	33
39402	3
39408	5
3941	12
39410	1
39412	1
39414	96
39435	147
39446	366
39449	64
395	4
39516	1
396	2
3962	36
3966	39
397	13
39768	9
39786	2
398	6
3980	395
3981	392
39824	1
39857	1
3989	56
39931	2
39934	5
400	7
401	2
4011	2278
4012	53
402	7
40226	2
4024	51
4025	1187
4031	99
4032	10
4034	1757
40342	5
404	13
4043	37
40467	2
40478	2
4049	14
40494	2
405	370
40574	15
406	7
40629	497
40681	6
407	186
40723	70
40732	255
40752	3
408	81
40815	1567
40817	9
40819	795
40826	100
40833	3
409	39
40946	49
40952	12
40955	31
40959	43
40962	31
40969	3
40973	14
410	1932
41025	18
4104	119
4105	615
41058	2
4107	2
4108	14
411	12
4111	29
4112	4
4133	133
4134	2
414	86
4140	7
4141	58
41411	9
4146	54
4147	15
4148	825
41499	1
415	299
4154	38
41566	1092
41569	759
41602	1
41617	13
4169	29
4170	4
4171	3
41714	3
4173	3
4174	61
4175	17
4176	16
41762	1
41769	14
4180	9
41810	1
4182	6
41828	9
41831	6
41863	63
41889	1
4191	64
41914	1
4192	9
4193	10
4195	54
4196	10
41974	3
41980	3
4199	16
42002	92
4201	16
42011	188
42013	46
42015	59
4202	5
42021	7
4203	78
4204	15
42053	7
42094	25
421	185
42152	1
42172	2
42176	2
42191	17
422	135
42213	9
42217	16
4226	3754
4228	172
423	238
4232	479
4233	77
4234	128
4235	625
424	80
42407	1
4241	68
42418	87
4244	8
4247	265
4248	146
42491	1
425	84
4250	14
4251	85
42518	3
4252	11
4253	3
4254	187
42548	3
4255	170
42553	1
4256	13
4257	2
4258	7
426	298
42602	2
42632	143
42634	5
42659	2
4266	25
42661	1
4267	91
4269	4
427	333
4271	9
42710	3
42718	133
42721	51
42725	133
42728	50
42732	45
42734	126
42738	365
4274	47
42740	8
42783	3
4279	23
42794	4
428	510
4281	8
4283	23
4285	77
4286	14
4288	9
42886	1
4289	19
429	158
4290	34
4291	200
42938	5
42943	1
42952	2
4296	94
42984	2
42987	4
430	30
43007	1
43009	3
43011	6
43022	10
43039	1
4307	8
431	941
4311	1
43177	2
4326	400
43260	1
43267	2
43269	1
4327	426
43292	2
433	114
43333	32
43351	4
43376	62
4338	64
43389	5
4339	76
43391	11
43396	139
434	2575
43419	40
4344	716
43444	5
43460	38
4347	23
4348	2
4349	132
43497	6
435	1442
4351	428
43518	2
43549	2
43552	5
43571	2
436	143
43608	6
43635	5
4365	1
43652	19
4368	216
4369	894
43699	3
437	178
43708	34
43710	3
43727	3
4375	4
4377	2
4379	1
438	119
4380	98
43801	2
43822	1
43832	20
43836	125
43838	8
43853	10
43869	39
43871	80
43892	2
43897	5
43899	5
439	7
43904	27
43908	20
43912	18
43919	89
43923	12
43930	53
43936	205
43967	2
4398	24
43987	12
440	1877
44004	145
44022	455
44041	9
441	907
44115	7
4412	11
44124	1
4413	6
4415	61
44155	4
4419	26
44191	2308
442	1952
4421	2
44238	9
44245	6
44255	1
4435	4
4436	18
4437	124
44399	30
4441	25
4442	24
4443	99
44494	11
445	178
44511	5
44555	834
4457	1
4459	11
4460	5
4461	6
4462	30
4464	121
44655	1
44657	13
44663	5
44671	5
44674	4
44685	3
44694	242
4474	116
4475	27
44752	2
4476	31
4477	73
44773	1
4478	105
4479	35
4480	85
44800	5
4481	5
4482	30
4483	90
4484	15
4485	19
4486	27
44864	46
4488	116
44892	1
44900	4
44937	23
4494	33
44943	14
44947	3
4495	61
44966	9
4497	23
44974	250
44978	7
4498	108
4499	417
45000	5
4507	3
45079	2
451	74
4512	19
4513	8
4515	35
4516	32
4517	27
45179	6
4518	51
45186	503
4519	216
45192	3
452	113
4520	55
45210	177
45221	52
4523	36
4529	49
453	90
45303	1
45335	4
4538	6
4539	1
454	2528
4540	5
4543	31
45431	279
4546	145
4547	8
4548	9
455	938
4550	9
4551	2
45512	3
4552	52
4553	197
45533	5
45537	2
4556	3
45576	1
45578	2
4558	343
4561	24
4564	114
45658	4
4566	27
45662	72
45664	3
45679	9
45691	2
457	5219
45722	1381
45726	141
45756	1
4578	52
4579	7
458	124
4580	55
4584	23
45852	15
4587	132
4588	13
45891	7
459	123
4592	5
45928	87
4593	22
45940	2
4595	32
45952	1
4597	27
45987	3
4599	53
460	104
46105	3
4612	56
4613	99
4614	82
462	19
46207	1
46258	3
4627	19
4628	54
4629	25
46335	223
4638	889
4639	424
464	308
46409	1
4641	653
4643	1040
46430	6
4644	59
46441	2
4645	23
465	77
4652	28
46525	2
4657	11
46572	16
46578	1674
4658	39
46581	2
466	1438
467	69
46713	1
46748	2
4676	79
46772	29
468	730
4680	24
46808	1
46821	3
4683	44
4688	38
4689	17
469	123
46910	2
46915	2
46919	9
46925	2
46929	4
46948	161
4695	10
46967	110
46972	514
46976	811
46979	1
470	57
4701	734
4703	143
4704	38
4705	69
4706	11
4708	14
47084	3
4709	55
471	1121
4710	60
47122	101
47150	11
47200	309
4722	17
4723	71
47239	4
47261	18
4727	98
4728	373
4729	14
473	135
47330	3
4734	707
47342	2
47397	1
47404	16
47423	111
47446	14
47452	2
4747	3
47477	2
47491	68
47493	2
475	931
47501	1
47518	160
47525	6
47559	2
47571	2
476	25
47610	1024
47615	3
47626	2
47646	11
47670	3
4771	47
47714	7
4772	31
47721	29
47723	11
47736	6
47778	11
4780	17
4781	5
4786	35
47860	4
47868	7
4787	130
47871	1
47880	1
47886	2
4789	33
479	124
4790	19
47902	2
47904	2
47907	3
47931	2
47940	5
47952	56
47956	4
4798	33
47980	1
480	6915
48035	3
4806	17
4808	60
4809	102
481	533
48127	1
48150	6
4816	998
48161	31
48193	2
482	281
48214	5
4822	23
4823	417
48231	20
4824	11
48242	1
4825	6
48268	2
483	44
48301	6
48315	1
48319	43
4832	9
4836	15
4837	25
48385	1165
4839	6
48407	1
48412	78
48414	73
48458	2
48522	15
48567	2
4857	271
4858	5
48584	6
48591	51
48596	33
48598	15
48660	8
48678	35
4868	10
48770	3
48780	1860
4879	9
48791	14
488	44
4880	245
4883	1
48833	5
4885	46
48856	27
4886	3072
4887	268
4889	182
489	278
4893	26
48943	48
4896	2297
490	312
49007	7
49013	36
49035	1
49050	1
49060	7
49082	1
4909	27
4911	72
49110	10
4912	78
4913	5
4916	45
4917	11
4918	12
492	307
4921	55
4922	12
49220	38
49225	7
4923	11
4925	15
4926	6
4927	21
4928	67
4929	85
49291	3
49299	3
493	372
4930	20
4931	1
49314	33
4932	66
4933	7
4934	17
49347	43
4935	5
49355	5
49379	3
4938	6
4939	54
49396	120
494	1284
4942	12
4944	11
4946	15
4948	3
4949	27
49494	3
4951	125
49518	2
4952	6
49524	15
49526	22
4953	11
49530	1079
4954	200
4955	5
4956	65
49571	4
4958	342
4959	11
496	37
4960	9
4961	28
4962	17
4964	15
49642	10
4965	30
4966	51
4967	209
4968	4
49688	10
49691	1
497	1317
4970	94
4972	18
4973	3108
4974	293
4975	995
4977	21
4978	135
4979	1409
49815	9
4982	8
4983	5
4984	4
4985	16
4986	12
49872	3
4988	13
4989	83
499	35
4990	135
4992	346
49929	1
4993	5254
4995	2803
49953	2
49957	37
49961	117
4997	7
4998	19
5	1397
500	3471
5000	13
5001	21
50011	34
5002	56
50066	19
50076	1
501	187
50153	14
50158	18
50162	41
50183	11
50189	93
502	406
50253	4
50271	2
503	15
50356	2
50379	2
5038	19
504	100
5040	209
5048	78
505	109
5051	84
5052	1
50541	3
5055	223
5056	47
50583	2
506	123
5060	1233
50601	172
5061	13
50619	7
5062	41
5063	19
5064	575
50641	17
5065	311
50658	35
5066	214
5067	2
507	339
5070	1
5071	11
5072	163
50794	169
508	2056
5086	11
509	1690
50942	10
50977	1
510	79
51044	3
51091	123
511	185
51167	2
51182	2
512	125
51209	2
5121	36
5122	31
5123	15
51249	1
5125	46
5126	8
513	53
51300	2
51317	1
51321	2
51357	12
5137	39
5139	133
51402	1
5143	8
5145	17
5146	146
5147	170
51486	1
51520	11
5153	12
51540	638
5155	12
5156	3
5157	7
51619	2
5165	39
5168	17
5172	32
5174	6
5175	2
5176	1
5177	68
5178	5
5179	16
51800	1
51817	1
5183	7
5185	7
51857	5
5187	39
51911	3
51917	6
51933	8
51939	63
51991	7
5201	3
5203	4
5204	4
5205	23
5206	7
521	205
52199	5
522	123
52237	1
5227	10
52279	22
5228	5
523	89
5236	5
5237	85
524	876
5241	27
52418	1
52448	14
52458	204
52462	43
5247	135
5248	45
525	23
5252	1
52528	7
5255	61
5256	7
52561	5
5257	1
52589	1
5259	4
526	9
5261	1
52666	16
527	6314
52767	32
52784	9
5279	34
52867	15
52885	190
5289	7
52891	3
52913	1
52980	2
530	5
53000	541
5302	7
531	819
53121	404
53129	191
53161	38
53187	1
5319	130
532	606
533	375
53318	155
5332	6
5333	30
5334	51
53342	2
5335	22
53355	9
5336	2
534	414
53406	8
53416	2
53435	57
535	547
53519	395
5353	20
53554	1
53569	3
53574	9
537	346
5375	12
53766	4
53769	17
53774	3
53827	17
53851	1
53883	13
539	2881
53906	8
5393	6
53953	341
53999	21
540	483
54001	1135
54075	16
541	3428
5413	10
54144	1
54198	2
542	350
5421	104
5422	27
54220	1
54229	8
5424	8
54241	4
54243	3
5425	14
54256	102
54272	809
54274	19
54276	75
54278	17
54281	108
543	1238
54318	1
54326	1
54328	10
5434	27
54354	3
544	209
54406	3
54445	1
54491	2
54503	1029
54505	2
5458	60
54580	2
546	614
5460	55
54648	165
5465	13
547	88
5470	55
5471	10
5473	5
54732	72
54734	36
54768	18
54796	53
548	279
5481	1051
5482	27
5483	60
5484	11
5485	39
5486	11
5488	3
549	139
5491	2
54910	18
5493	32
54934	17
5494	5
54986	3
55	81
550	360
5503	14
5506	102
55061	3
55063	17
55069	81
551	2120
55106	3
55154	7
55156	8
5516	27
55167	36
5519	5
55190	11
552	1367
55207	14
5521	22
55245	85
55253	68
55257	26
55261	45
5528	525
55292	9
55294	1
553	1484
554	52
55408	1
5544	79
5546	16
5548	90
5549	6
5550	10
5551	3
5552	11
55553	43
5558	2
5559	5
55603	10
5562	3
55681	3
55687	17
55721	159
55765	632
558	157
55872	117
55888	1
55895	12
559	7
5590	7
5592	4
55922	2
5595	5
55955	35
560	4
5601	17
5602	75
56067	1
5608	209
56095	10
561	16
56152	340
56156	150
56165	13
56167	13
56171	278
5618	1965
562	637
5620	411
5622	3
56294	2
563	34
56339	218
56350	5
56372	2
56379	11
5638	32
564	45
5646	39
56474	4
5648	34
565	79
56508	8
5651	40
56511	5
5652	1
5653	22
5654	2
56616	2
56691	2
56693	1
567	36
56715	123
5677	32
5678	57
568	31
5680	59
56801	186
5683	1
5686	49
5689	30
5691	59
5693	272
56931	1
56949	327
56959	1
5698	1
570	22
5707	62
5708	4
5709	5
571	18
5717	13
5718	6
5719	4
572	3
5721	13
5722	15
5723	28
57243	29
5725	3
5726	13
57276	4
5728	6
5729	17
573	19
5731	17
57326	40
57353	29
57393	8
574	124
5741	6
5742	5
5744	4
5747	173
57476	5
5748	3
575	285
5753	5
57536	22
5759	5
576	1
5761	8
5764	16
5765	32
57655	1
5767	4
5769	12
57695	2
577	61
57706	4
57776	5
57778	1
5780	32
5781	7
57811	1
57843	2
57845	18
579	7
57946	1
57991	3
58	1163
580	59
5800	20
58007	2
5801	44
5804	122
58061	1
58081	1
58084	2
581	179
58156	93
5816	1895
5817	21
58191	22
582	13
5820	51
58207	1
5822	6
5825	28
58250	1
58287	5
58291	19
58293	251
583	30
58301	95
58306	60
58309	3
5833	126
58365	2
58376	58
5839	37
584	3
58404	12
58411	3
5842	9
58432	13
58434	4
5844	4
5845	4
5846	8
58492	16
58494	9
585	1018
5850	2
58509	1
5851	3
5852	20
5854	14
58559	3670
5856	3
5857	6
58595	1
586	2917
58655	51
587	2875
5871	1
58718	2
5876	167
58770	1
5879	77
588	4569
5881	344
5889	5
5890	74
58937	4
5894	1
5896	17
5898	25
5899	113
59	19
590	4673
5900	229
5902	1057
59040	11
59053	2
59065	9
591	2
5910	3
59118	56
59126	126
59138	2
59143	31
5915	25
59159	3
5916	9
5917	4
59173	3
59178	4
5919	13
592	4970
5920	2
5921	2
5922	5
5923	12
5924	6
5925	8
5927	45
5928	5
59290	2
593	7776
59333	74
59336	36
59362	7
5937	11
59387	238
59392	52
594	1848
59404	21
59421	130
59426	1
59429	44
59435	2
59440	12
595	3779
5951	20
59527	2
5953	7
5955	135
5956	922
596	1332
5961	34
5965	40
5966	6
5967	4
5968	31
597	3501
5971	819
59738	18
598	17
59810	29
59838	2
59852	1
59858	1
59861	1
599	310
59908	17
5991	986
59912	6
59935	5
5994	47
5995	1499
5996	4
5998	14
59995	54
6	2527
600	34
60014	2
6003	327
60046	10
60086	3
601	11
60106	3
60141	29
6016	1854
60189	2
60193	1
602	33
6020	5
6022	14
60225	1
6023	49
60243	3
6028	4
6029	4
60293	46
603	58
60309	2
60316	3
60363	26
6037	13
6038	5
60389	6
604	3
60405	6
60421	3
60479	5
605	355
60551	2
60566	6
60579	6
6058	223
60599	9
606	170
60616	1
6068	4
6069	3
607	3
6071	2
6072	4
6073	3
6075	4
6076	8
60760	106
6077	24
6078	68
608	4779
6081	6
60825	2
609	256
60948	18
60981	1
6103	4
61035	3
61041	1
61048	2
6105	5
6106	4
6107	11
6110	2
61108	3
6114	11
6116	17
612	163
61267	6
613	267
61312	5
61314	3
61348	59
61361	16
614	16
61434	1
6145	4
61473	1
615	53
61560	1
616	852
6163	52
61638	1
6166	124
617	58
6171	3
6172	7
61724	6
6173	11
618	40
6182	9
6183	73
6187	212
619	67
61934	3
61950	3
61991	14
62	2122
620	2
62000	6
62008	2
621	39
6217	14
62206	1
62213	3
623	5
62383	5
62385	1
62394	119
624	4
62437	62
62439	48
625	4
626	62
6264	192
627	178
62726	4
62729	4
62761	1
62764	12
6277	3
6278	3
6279	40
62796	5
628	1150
6280	52
62803	8
6283	302
62836	13
62847	1
629	2
62956	127
62999	206
63	242
630	33
63069	6
6309	3
631	239
6312	7
6317	1
63179	4
6318	12
63194	2
632	36
6320	17
63229	1
63273	2
63276	7
633	40
63310	4
63339	2
634	32
6341	47
6346	8
63481	8
63483	1
635	101
63540	32
63590	2
636	3
63617	1
637	618
6373	1285
638	57
6382	12
63859	304
63876	340
639	102
6391	6
6396	15
63989	7
64	188
640	305
64032	47
6404	6
641	9
64116	24
6414	5
6415	2
64167	12
6417	7
642	1
64278	11
64288	2
643	1
64325	2
6435	7
6436	67
6439	3
644	2
6440	422
6443	1
64499	40
64501	23
64508	27
64519	3
64522	1
64524	4
64577	2
6461	113
6463	5
64650	8
6466	43
647	771
6470	15
6471	4
6472	2
6473	7
6474	2
6476	13
6477	17
6478	27
6479	3
648	4101
6488	10
64897	1
649	16
64900	5
64923	1
64926	1
64942	3
64944	1
6498	12
64983	216
6499	3
65	554
650	149
65045	7
651	3
65142	13
65188	78
6519	13
652	7
6520	2
6521	9
65216	114
6522	9
6523	39
6524	5
65256	8
6529	2
653	1499
65300	3
65310	9
6535	249
6537	1063
6538	129
654	3
65435	17
6547	23
655	3
6552	220
65521	3
6557	6
65596	33
65612	24
65614	1
65642	108
65651	5
65696	1
657	1
6575	9
65796	4
658	8
659	35
6591	100
6593	395
65994	1
66	232
660	14
66025	1
66066	18
66068	3
6609	18
66092	4
661	1101
6610	7
66105	3
66118	1
6615	183
6619	66
662	270
6620	389
6623	2
663	329
66344	1
6636	88
6637	4
6639	106
664	30
6641	16
6643	68
6644	10
6646	19
665	126
66537	1
66590	1
66592	2
666	9
66659	14
667	115
66701	1
66720	1
66762	9
668	71
6687	51
6691	2
67	17
670	81
67087	370
671	661
6715	3
672	2
6723	19
67255	454
67298	1
673	1142
67314	2
6733	3
67365	4
674	297
67429	15
675	3
676	4
67657	2
67675	1
67748	5
678	251
67809	1
67869	2
679	12
67900	3
67927	2
6793	167
6795	6
68	107
680	129
68044	1
681	31
68163	1
68173	3
68180	3
682	7
68259	1
68347	47
6844	5
68444	14
68472	7
68482	4
685	52
68590	1
68659	62
687	10
6877	2
688	313
6883	17
6884	26
68954	2097
68976	2
69	459
690	5
69061	1
69069	39
69072	1
69075	2
691	118
69103	4
6916	2
69169	2
6917	4
692	68
69217	1
69278	68
69299	1
693	4
69310	1
69324	20
6934	1633
6935	28
6936	638
694	283
69406	338
6945	23
6947	762
6948	11
69483	3
6949	11
69495	2
695	86
6950	69
6951	121
69526	392
69559	2
69569	1
6957	429
696	12
6961	16
6962	1
6963	40
6964	3
6967	14
6968	4
697	116
6970	40
6972	1
69722	2
6973	9
6974	81
69746	30
6976	18
6977	48
6978	68
69784	238
69792	1
698	13
6980	3
69803	5
6984	17
699	2
69917	1
69928	3
69974	2
70	1400
700	127
70046	1
7006	7
7007	164
7008	91
701	8
7010	27
7011	17
7012	23
70121	2
70133	10
7014	22
7015	18
702	44
703	40
70342	6
70366	3
704	172
70410	9
70418	1
70423	1
70490	1
705	40
70500	1
70587	2
706	19
70656	4
70670	4
70687	14
70695	7
707	445
70706	15
70712	1
70740	1
708	1559
70804	1
70806	1
70821	1
70846	8
7085	13
70862	26
70864	5
70877	2
7088	44
709	269
7090	797
7091	77
70912	7
7092	12
7093	22
7095	12
7096	24
70984	30
71	121
710	118
71065	1
71067	3
711	247
71110	1
71133	1
71147	3
71184	4
712	21
71203	2
71243	1
71254	140
71282	126
713	16
7131	3
71325	32
71357	1
71374	8
714	383
71482	3
71503	3
71520	150
71575	3
71668	83
71670	35
71677	4
71688	17
71700	7
71719	1
71732	11
71750	2
71762	1
7182	5
71821	4
7183	8
7191	7
71910	13
71995	1
72013	2
72094	1
72096	2
7210	37
7211	12
72113	7
7214	3
72153	1
7216	44
72163	2
72178	4
7219	10
7220	7
72204	1
7227	20
7229	6
72308	45
72334	2
7234	95
72340	2
72356	79
7237	6
72386	40
72400	1
72479	40
72483	24
72485	3
7249	5
72505	2
72559	2
72585	1
7267	1
7269	5
7270	5
72701	56
72720	125
72733	133
7274	5
7278	5
72822	1
72852	1
72856	1
72872	1
7288	3
7290	5
7291	1
72913	1
7294	49
72949	2
72958	1
7298	1
7299	35
73	318
7300	32
7301	15
73027	13
7303	62
7304	19
7305	31
73135	3
73160	2
73183	10
73208	3
73211	57
7326	12
73290	88
7340	29
7341	12
7342	6
7343	3
7344	2
7345	45
7346	306
73462	8
7347	360
73478	1
7348	87
73492	1
73499	3
7350	1
73501	2
7351	2
73515	3
7353	14
73590	3
73614	2
7364	45
73772	1
73818	1
73881	114
7392	5
73922	1
73954	1
73981	4
73983	4
74	355
74097	2
74135	1
74137	2
74154	66
742	175
74310	1
744	1
7442	15
7443	4
74436	3
7445	690
74458	1432
7446	3
74491	1
74493	1
745	1216
7450	43
7451	764
74510	128
7453	26
7454	535
74545	151
7456	14
7457	6
74580	30
7459	36
746	30
7461	2
74657	1
74681	3
747	106
74727	45
7484	50
7485	20
74944	32
74946	97
74948	57
75	61
750	2609
751	16
752	2
753	43
75341	66
75386	1
754	31
75404	3
75438	5
75446	5
755	20
756	11
757	28
758	1
759	30
75947	1
75950	1
75981	2
76	364
760	102
761	390
76127	4
76171	3
762	1044
76277	3
763	3
76312	2
764	60
765	515
766	174
767	33
76714	2
76758	2
76772	6
768	2
76808	1
76816	1
769	16
77	23
770	5
771	18
772	3
77210	1
77233	5
773	2
77332	2
774	2
77412	1
775	15
77561	986
776	10
777	4
77744	1
77780	1
778	2743
77829	3
77852	1
77866	196
77875	1
77881	1
77883	2
779	59
77910	2
77921	1
77931	1
77944	2
77966	1
77985	1
78	113
780	5298
78022	1
78041	63
78071	1
78088	89
781	190
78101	1
78124	1
78128	6
78132	1
78140	2
78174	63
782	273
78224	1
78247	2
78278	1
783	1181
78308	2
78313	7
78321	14
78344	5
78358	1
7837	3
78381	1
7839	5
784	1514
7840	37
78463	1
78534	1
78539	2
786	1764
787	11
7872	2
788	2041
78827	1
789	5
79	582
790	20
79008	106
79031	1
79073	8
79094	1
791	15
7913	4
7916	10
79163	1
792	3
79224	126
793	13
794	7
7942	11
7944	24
795	13
79515	1
79519	3
79528	2
79553	96
79572	7
79580	1
79594	1
79596	1
79599	10
796	4
79640	1
79684	21
797	16
79720	66
79723	1
79731	1
79771	1
79773	1
7979	15
798	299
7980	124
7983	64
7984	34
79842	1
7985	2
79850	1
79860	26
7988	16
799	650
7992	4
79920	2
79927	5
80	59
800	715
80038	2
8007	7
8008	34
8009	1
80094	23
801	173
8010	41
8011	37
8012	54
8014	198
8016	57
802	1319
80219	223
80241	37
80264	1
80267	1
80281	4
803	49
80324	1
80337	1
80346	1
80350	36
80374	2
804	215
8043	7
80432	2
80469	23
80472	1
805	1271
8055	3
8056	11
80572	12
806	46
8063	7
80639	1
80648	5
80659	1
80677	3
8068	3
8069	2
807	17
8070	3
80717	2
80775	20
808	82
80806	1
80831	81
80844	6
80880	24
809	143
8092	5
80928	7
8093	17
8094	47
80941	4
8095	2
81	295
810	202
81111	2
81182	2
812	1
81229	415
81250	1
8128	70
8129	6
813	47
8130	19
81312	1
81396	1
814	2
8141	5
81424	3
815	5
81512	51
81524	1
81537	187
81583	1
816	9
81646	1
81660	2
81684	2
81751	16
81782	127
818	262
81831	1
81847	612
81857	1
819	7
8194	4
81949	9
8195	50
8197	43
8198	6
81981	5
8199	33
82	246
820	6
8202	3
82066	2
8208	12
82088	1
821	8
82106	2
82115	1
82157	1
822	5
8220	2
8221	15
8222	10
8224	1
82269	1
823	10
82313	1
82326	1
82362	1
82395	1
824	40
82447	14
82469	1
825	1
82529	2
82567	1
826	2
82631	2
82633	3
8265	6
8266	52
82667	66
8267	1
82676	4
82682	3
82684	6
8269	6
827	13
8270	31
82703	2
8272	7
8273	18
8275	10
82767	34
828	159
82857	1
829	172
8290	8
8291	20
82911	1
8292	8
8293	4
83	60
830	700
83059	2
831	17
83132	123
832	1519
83232	1
8327	41
8329	3
833	146
8332	8
83345	1
8336	10
83361	1
8337	103
8338	32
834	16
8340	257
8341	54
83435	2
83446	1
83540	1
83579	1
83581	1
83588	2
836	516
83613	206
8363	39
8366	264
83666	2
8367	13
8368	1930
837	623
8371	522
8372	148
8373	231
8374	6
83765	1
838	792
83801	1
8382	11
83827	4
8383	14
83831	1
8388	2
83897	2
839	433
8391	6
8392	4
8393	4
8398	3
840	70
841	48
8410	6
84100	2
84111	1
84114	1
84116	11
84152	757
84154	6
84173	3
84178	2
84187	48
842	204
8420	4
8421	4
8422	2
84226	1
84228	2
8424	5
84240	12
84242	13
8425	10
8427	4
84273	29
84281	1
84296	1
84298	2
843	8
84312	25
844	17
84407	1
84450	1
8446	19
8447	14
845	7
84508	1
8453	5
8456	13
8457	1
846	32
8460	15
84601	169
8461	2
8462	4
8463	6
8464	960
84643	1
8469	1
847	16
84730	3
84772	233
84777	2
84796	3
848	206
84801	3
84805	1
84834	4
84844	18
84847	32
84857	2
8487	13
8488	4
84880	1
849	879
8491	60
8494	21
84942	38
84944	267
84954	396
84972	3
85	266
850	19
85014	1
85025	34
851	134
8512	27
85129	3
85268	6
853	13
85312	10
85330	4
85367	132
85389	1
85394	27
854	24
85414	761
85442	1
855	5
85510	197
85540	5
85542	3
85547	1
85549	1
85574	1
856	10
857	5
85783	1
85788	143
85790	13
858	5272
8583	3
8584	8
8587	7
8588	15
85889	1
859	1
8592	1
86	420
860	41
86000	13
86059	22
86068	1
86087	2
86096	1
861	236
86168	3
8617	5
8618	17
8619	3
86190	192
862	32
86231	2
86233	2
86244	9
86279	6
86295	53
86320	172
86332	728
86337	1
864	5
86410	7
86412	7
8643	111
8645	224
8649	4
86497	1
865	9
8651	13
8652	3
8653	2
86541	2
8656	47
86576	2
86593	2
866	607
8665	1851
86655	2
86664	1
8669	4
867	31
8672	2
8675	15
86750	3
8676	8
86764	1
86768	1
8677	5
86778	1
86791	1
868	9
8681	4
86829	1
86835	70
86837	2
8688	3
8689	13
869	58
8690	65
8691	1
8692	3
86955	4
8696	3
8697	1
8698	6
8699	1
87	111
870	48
8703	4
87081	5
871	7
87115	2
87194	21
872	6
873	4
87302	2
87308	25
8736	2
8738	29
87392	1
874	10
8740	13
87408	1
8741	1
8743	7
8744	6
8745	5
8747	5
8748	5
8749	7
875	54
87514	1
876	30
8765	20
8766	4
8767	14
8768	12
8769	4
877	23
8770	5
8776	3
8779	11
87790	2
878	3
8780	5
8785	14
87874	1
879	212
87909	2
87911	3
87952	2
87966	2
88	572
880	559
88042	2
88051	2
88061	2
88065	2
88067	4
88075	2
881	102
8810	472
88138	3
8814	97
8816	5
8818	4
88192	2
88237	5
8827	131
88276	1
88284	3
8831	32
8832	18
8833	66
8834	6
8835	25
8836	64
88376	3
8838	38
8839	16
884	2
8840	10
8841	12
8842	1
8843	2
8844	9
8845	3
8846	7
8847	4
8848	28
8849	7
88491	1
885	51
8850	11
8851	4
88518	2
8852	7
8854	14
8856	1
88562	2
88564	1
88580	2
8859	21
886	184
8860	168
8866	160
8867	3
8868	10
8869	42
887	4
8870	135
8871	6
8872	18
8873	423
8874	1705
88744	626
8875	4
8879	105
888	71
8880	139
8881	4
88812	68
8882	9
8883	3
8884	29
8885	8
8886	6
8888	1
889	12
8892	4
8893	6
88950	20
8896	4
8897	3
8898	9
8899	10
89	326
890	3
8900	4
8902	2
8905	29
8906	63
89072	23
8908	98
891	207
89116	1
89126	4
8913	6
8914	367
8915	34
8916	103
892	123
8920	6
8922	9
8923	14
8926	2
8927	8
89287	2
8929	12
8930	37
8931	7
89315	1
8932	11
8933	24
89337	3
8935	5
8937	138
8938	20
8939	61
8941	17
8942	2
8944	3
8948	118
89492	473
895	8
89501	1
8951	69
8952	2
8953	1
8954	5
89584	2
896	51
8960	3
8961	2696
89623	1
8963	13
89638	5
8965	264
8966	196
8967	38
89670	2
8968	65
897	81
8970	740
89720	2
8973	166
8974	87
8975	1
8976	1
89763	1
89774	221
8978	51
898	685
8980	4
89800	1
8981	444
8982	20
8983	444
8984	859
8985	300
8986	8
8987	8
89872	1
8988	6
8989	18
899	1112
89904	213
8991	3
8992	3
89924	2
8995	2
8996	1
8997	2
8998	21
8999	10
90	18
900	291
90015	1
9003	7
9005	40
90052	1
90061	2
9007	1
9008	5
9009	1
901	147
9010	91
9011	5
9012	1
9013	6
9016	3
9017	4
902	1134
903	1558
90374	48
90376	134
905	422
90603	40
90645	20
907	79
90843	1
90873	1
90888	60
909	543
910	1131
91010	1
91073	1
91094	84
911	440
912	2736
91250	1
91261	2
91266	11
913	1241
91333	1
914	1027
91470	7
91548	9
91571	13
916	660
91628	25
91673	15
91690	24
91694	6
917	101
91715	1
918	161
91873	3
919	2415
91902	5
91929	1
92	211
920	1612
92096	5
921	237
922	704
92257	1
923	1861
92307	3
92309	18
92321	1
92352	1
92391	15
92393	4
924	2739
92424	1
92475	11
92496	9
925	11
926	484
92681	31
927	68
92728	1
92751	4
92787	1
928	470
92804	4
92819	2
929	89
93	198
93006	5
93061	6
931	227
93114	2
93116	2
93142	3
93164	12
93193	2
932	203
93212	6
93289	1
934	446
93457	13
93492	1
93498	22
935	59
936	122
93649	2
93782	3
938	160
93840	456
93855	55
93892	13
939	10
93907	1
93939	5
93946	3
940	387
941	110
942	257
94204	2
943	153
94352	1
944	90
94405	57
94478	150
94480	8
946	131
94649	4
94659	1
94663	2
947	160
94727	1
94739	1
94752	6
948	166
94803	2
94831	1
949	207
94917	4
94959	592
95	2368
950	317
95004	13
95010	1
951	378
95137	1
95197	4
953	1576
95375	19
954	603
95482	2
955	422
95504	1
95506	2
95508	6
956	29
95600	1
957	32
95744	9
95752	1
95756	5
95771	4
95963	4
96	53
961	28
96105	1
96112	2
962	9
96239	1
96252	3
96255	1
963	43
96306	1
964	36
96411	10
96419	1
96460	2
96496	5
965	359
96535	1
966	13
96631	1
96664	3
96683	1
967	23
96700	4
968	909
96821	450
96966	14
97	263
97024	34
97046	2
97051	1
97128	1
97397	1
975	4
976	46
97643	7
97648	8
977	3
97794	1
979	8
97933	2
97936	33
97938	577
98	5
980	14
98065	2
98085	4
981	19
98116	4
98120	3
98122	32
98193	4
982	49
98203	109
98246	1
983	2
98344	1
98369	4
984	22
98456	1
98491	179
98499	3
985	7
98532	3
98554	2
986	322
987	28
988	47
989	7
98927	3
99	71
990	96
991	239
99106	16
992	27
99251	1
99258	1
99279	1
993	27
99351	2
99367	2
994	519
996	358
99642	3
99708	1
99846	1
99859	4
99861	4
99875	4
99904	2
