100	1377.0
100010	22.0
100017	3.5
100032	4.5
100042	3.0
100046	3.0
100089	10.0
100185	10.5
100196	12.0
100270	9.0
100272	19.0
100450	34.0
100490	2.5
100529	6.5
100540	3.5
100830	5.0
101	1650.5
101281	19.0
101289	3.5
101362	368.5
101653	8.0
1018	342.0
101887	3.0
101904	9.0
102	487.5
102039	4.0
102051	19.0
102165	5.5
102242	3.0
102286	12.5
1023	1123.0
102305	4.0
1024	325.5
102517	4.0
102533	4.5
102541	7.5
102596	7.0
102860	4.0
102899	3.0
102901	3.0
102949	3.0
102961	8.0
103	297.5
103048	216.0
103162	4.0
103164	2.0
103203	6.5
103210	71.5
103269	3.5
103299	29.0
103301	2.0
103413	3.0
103489	0.5
103528	6.5
103539	323.0
103590	4.0
103667	19.0
103688	676.5
103747	3.0
103753	9.0
1039	16.0
103972	8.0
104	6865.0
1040	53.5
104155	16.5
104211	786.0
104241	501.5
104274	26.0
104317	8.0
104374	1316.5
104431	11.0
104449	0.5
104638	4.0
104644	9.0
104776	5.5
104863	123.0
1049	1709.0
105	3470.0
1050	593.5
105073	0.5
105098	7.0
1051	451.0
105130	7.0
105133	16.5
105157	3.0
1052	15.0
105246	19.5
105254	27.5
105325	8.5
105404	3.5
105406	3.0
105529	3.5
105531	9.5
105593	165.5
105703	11.0
105778	7.0
1058	33.0
105833	2.5
105869	85.0
1059	4108.5
105952	4.5
105972	6.0
106	51.0
106017	4.5
106222	13.5
106254	23.0
106344	8.5
106495	1.5
106646	6.5
106729	3.0
106739	1.0
106848	6.5
106970	3.5
107	2154.0
107052	9.5
107081	0.5
1073	11248.5
107352	10.0
107357	19.0
107406	1148.5
107412	40.5
107426	6.0
107445	3.0
1075	41.0
107612	3.5
107643	4.5
107743	3.5
107745	5.0
107846	8.0
107916	10.5
107928	5.5
107978	50.0
107999	6.0
108	41.0
108063	4.5
108200	9.5
108220	18.0
108246	12.0
108401	13.5
108476	2.5
108501	53.0
108512	4.0
108540	92.0
108564	3.0
108789	3.5
1088	3871.0
108852	2.0
108879	10.0
1089	13172.0
108930	2.5
108949	32.0
1090	6476.0
109074	5.5
1091	1521.0
109161	26.5
1092	3943.0
109251	2.5
1093	2870.0
109323	8.0
109364	21.5
109379	7.0
109416	12.0
109425	20.5
109441	5.0
109520	3.0
109841	2.0
109887	4.0
109991	3.0
11	6466.0
110	24473.5
110123	2.5
110130	20.5
1103	2544.5
110372	3.0
110390	7.0
110415	2.5
110433	6.0
110447	4.0
110457	6.0
110486	3.0
110501	248.0
110553	720.0
110603	43.5
110669	74.0
110748	3.0
110899	3.5
111	11693.0
111031	4.5
111261	3.0
111310	3.0
111332	8.0
1114	120.0
111443	373.0
111460	5.0
1115	9.0
1116	53.5
111732	16.0
111759	3734.0
111815	7.0
111913	16.0
112	4145.5
112087	60.0
112283	5.5
112293	5.0
1123	79.5
1124	1750.5
112454	3.0
112460	29.5
112485	3.0
1125	2039.5
112582	63.0
1126	878.0
112655	3.0
112672	3.0
1127	6395.5
112735	4.0
112767	22.0
113	356.0
113105	4.5
113300	3.0
113364	14.0
113374	15.0
113432	4.0
113582	5.0
113757	3.0
113843	6.5
113947	1.0
114	100.5
114003	4.5
114033	46.5
114044	29.0
114046	11.0
114060	237.0
114146	3.0
114184	43.0
114242	13.0
114246	123.0
114394	4.5
114426	4.0
114464	5.5
114838	3.0
114875	1.0
114888	6.5
114922	3.0
115	25.0
115109	8.0
115162	3.0
115210	1123.5
115386	2.5
115711	8.0
115871	7.0
115877	30.0
115903	3.5
115909	5.5
115929	6.5
116	304.5
116155	6.5
1162	263.5
116231	3.0
1163	109.5
1164	45.5
116463	11.5
116495	3.0
116853	4.5
116857	12.5
116977	205.5
117	425.5
117340	4.5
117424	2.5
117464	19.0
117472	2.0
117506	7.0
117913	3.0
117924	4.5
118	359.0
118236	8.0
118390	6.5
118576	4.0
118760	33.0
118872	10.0
118900	296.0
118946	2.0
119685	7.5
12	1109.0
120	54.5
120122	4.0
120280	1.5
120292	10.5
120478	56.0
120637	71.0
120831	8.0
120833	3.0
120835	0.5
120942	8.5
121	292.5
121003	2.0
121111	18.0
121113	4.0
121135	11.0
121245	4.0
1213	13224.0
121455	2.5
121727	4.0
122	1089.5
122525	3.0
122787	4.0
122884	91.0
122894	1.5
122924	695.5
122982	0.5
123	972.5
123103	4.0
123107	3.5
123109	2.5
123229	5.0
123359	7.0
123553	0.5
123979	3.0
124	99.5
124217	3.5
1244	3620.5
1245	2501.5
124521	5.0
1246	9389.0
1247	7419.5
1248	1872.5
124837	4.0
124851	4.0
124853	3.0
1249	3510.5
1250	5376.5
125077	7.5
1251	1262.0
1252	6809.5
1253	2405.0
125337	2.5
1254	2216.0
1255	699.0
125521	3.0
125531	4.0
125537	2.0
125541	3.5
125587	7.5
1257	2130.0
125700	2.5
125874	8.0
1259	8636.0
125926	26.0
125952	8.0
1260	1880.0
126016	2.5
126076	4.5
126090	49.5
126122	1.5
126132	1.5
126136	3.5
126140	5.0
126148	1.5
126152	3.0
126172	2.0
126186	1.5
1262	4691.5
126420	2.5
126432	0.5
1265	13655.0
126550	6.0
126560	3.0
1266	5826.0
1267	3693.0
126749	5.0
126777	3.5
126781	5.5
126783	3.0
126797	3.0
1268	1066.5
1269	2667.0
126919	12.5
126925	3.0
126927	7.5
126929	11.0
126947	4.0
126963	3.0
127	7.0
127021	6.5
127040	7.5
127098	439.0
1271	3620.5
127146	59.5
127148	9.0
127186	14.0
1272	3598.5
1273	1114.5
127323	21.0
127445	3.0
127585	0.5
1277	1609.0
127728	2.0
1278	6061.5
1279	942.5
128	21.0
1280	1294.0
128089	20.0
1281	1633.5
128149	2.5
128169	5.0
1282	4629.0
128201	1.0
1283	1907.5
1284	2427.0
1285	4219.0
128508	9.5
128564	1.0
128588	4.0
128598	1.0
128606	39.0
128614	1.5
128671	19.5
128679	11.5
128842	9.0
128846	7.0
128862	13.0
128876	8.5
128960	4.0
129	63.5
129009	13.5
129229	3.0
129237	2.5
129820	5.0
129830	3.0
129851	1.5
129933	3.5
13	600.0
130233	5.5
130269	5.0
130374	8.5
130402	3.0
130450	62.0
130452	57.0
130458	6.0
130474	24.5
130492	3.0
130900	3.0
131027	4.5
131098	2.5
131433	14.5
131457	9.5
131476	5.5
131478	13.5
131739	52.5
131830	18.0
131932	5.0
132	599.0
132128	20.5
132144	3.0
132150	4.0
132232	2.5
132298	1.0
132344	2.0
132422	4.0
132551	4.0
132608	3.0
132883	15.0
132961	80.0
133	5.0
133119	3.5
133121	0.5
133123	21.0
133131	5.5
133137	7.0
133183	3.0
133241	2.5
133255	8.0
133365	7.5
133441	2.0
133643	5.0
133716	8.0
133741	3.0
133792	2.0
133879	2.5
133941	0.5
134	10.5
134126	3.5
134158	7.0
134238	6.5
134368	634.0
134374	28.5
134569	14.5
134777	8.0
134881	94.5
135	2130.0
135198	5.0
135200	4.0
135204	3.5
135210	4.5
135260	2.5
135286	3.0
135362	2.0
135536	524.0
135659	2.5
135695	6.0
135787	9.0
135799	3.5
1358	5464.0
1359	1081.5
136	38.0
1360	26.0
1361	581.5
136190	6.5
1363	440.0
136311	3.0
136339	5.0
136345	9.0
1364	21.0
136459	26.0
1365	419.0
136576	2.0
1366	631.5
136698	11.5
1367	2818.0
136742	1.0
136752	6.5
136762	3.5
136786	8.0
1368	1.0
136884	3.5
1369	32.0
137	88.5
1370	5539.5
137014	0.5
1371	3403.5
137174	5.0
1372	3883.0
1373	2355.5
137315	2.5
1374	6056.5
137475	1.0
137484	2.5
1375	3608.0
137563	10.5
137587	1.0
1376	4940.0
137614	3.0
1377	4196.5
137757	3.0
1378	2422.5
137859	3.5
1379	1026.5
138	39.0
1380	5480.0
138038	4.0
1381	796.0
1382	312.0
138202	7.5
138308	4.0
138686	4.0
1387	8758.0
138754	2.5
1389	426.0
139	24.0
1391	5212.5
139195	5.0
1392	610.5
1393	8505.0
1394	5795.0
139519	6.0
139575	17.0
1396	4726.5
139651	3.5
139715	4.5
139777	3.0
139799	1.0
1398	270.0
139863	25.0
14	1947.5
140	1704.0
140174	1061.0
140212	6.0
140231	4.0
140383	17.0
1404	206.0
140423	4.0
140441	5.0
140465	5.5
140481	64.0
1405	2896.0
140527	0.5
140541	4.0
1406	135.0
1407	5621.5
1408	4632.5
140818	0.5
141	8248.5
1410	156.0
141058	4.0
1411	2303.0
141131	3.5
1412	116.0
1413	149.0
1414	517.5
141418	7.0
1415	98.0
141520	8.0
1416	1833.0
1417	215.0
141733	4.5
141757	0.5
141810	12.0
141884	1.0
1419	566.0
141950	8.0
141976	2.5
142	7.0
1420	25.5
142012	3.0
142052	7.0
142064	6.0
142084	3.0
1421	32.0
142115	87.0
142119	1.0
142150	3.0
1422	878.0
142374	14.0
142507	78.0
1427	158.0
1428	106.0
1429	1003.5
143	6.0
1430	55.5
1433	16.0
143355	247.5
143547	12.0
143876	2.5
1439	81.0
144	1599.5
1440	185.0
1441	2156.5
144288	5.0
1443	3.0
144326	7.0
144336	5.0
144340	7.0
144344	7.0
144390	5.0
1444	54.0
144410	7.5
144430	8.0
144436	7.0
144444	8.0
144464	7.0
144498	6.5
144560	7.0
144570	6.0
144580	7.0
144610	7.0
144686	6.0
144784	2.0
1448	19.5
144982	16.5
145	4397.0
1450	66.5
145066	15.5
145132	4.5
145186	1.0
145194	4.5
146	172.5
146030	2.5
146072	3.5
146184	2.5
146270	2.0
146904	3.0
146926	3.0
146970	1.0
147	1726.0
147132	3.0
147264	4.5
147441	5.5
147621	4.0
147692	3.5
147726	2.5
1479	2750.0
147903	1.5
147923	3.5
148	115.0
1480	586.0
148034	4.5
148044	4.0
1482	136.0
148284	5.0
1483	867.5
148357	2.0
1484	326.5
148478	3.5
148482	11.0
1485	6326.0
148652	61.5
148675	3.0
148697	3.5
1487	498.0
1488	1041.0
149	377.0
149154	3.5
149170	3.5
149172	5.0
149180	6.0
1493	92.5
1495	101.5
149586	5.0
1496	100.0
1497	173.5
149723	18.5
149725	2.5
149727	4.5
1498	353.5
149832	3.0
1499	1319.5
15	796.5
150	20462.0
150010	3.5
150140	5.0
150226	4.0
150657	2.0
150778	7.0
150838	3.5
151062	3.5
151687	23.5
151693	7.5
151731	6.5
151933	21.5
152	165.5
1523	94.5
152539	3.5
152635	3.5
152912	3.0
153	10099.5
1534	28.5
153444	3.0
1535	256.0
1537	1634.5
1538	45.0
1539	78.0
154	1051.0
1541	651.5
1542	737.0
154276	7.0
1543	14.0
1544	4681.5
154400	4.5
154430	4.0
154442	0.5
154582	1.0
1546	137.5
1547	108.5
154786	3.0
1548	13.0
1549	43.5
155	387.0
1550	218.5
155084	3.5
1551	88.0
1552	4827.5
155288	107.5
1553	18.0
1554	466.5
1555	34.0
155597	3.5
1556	1083.0
1557	4.5
155796	0.5
1559	0.5
156	490.5
156015	4.0
1561	16.0
156145	4.5
1562	2321.0
1563	69.5
156547	11.0
1566	2156.5
1567	28.5
1568	3.0
156896	7.5
156917	3.5
157	668.5
157075	3.5
1571	110.5
1572	247.5
1573	6432.5
157373	5.0
1574	31.5
157683	4.0
1577	15.0
1578	12.0
157847	7.5
157851	12.5
1579	7.0
158	3983.5
1580	13922.0
158009	4.0
158011	4.0
158013	4.0
158015	4.0
1581	167.5
158113	2.5
158238	622.0
1583	71.0
158382	12.5
1584	8160.5
1585	72.5
158589	4.0
1586	2198.5
1587	2495.0
158743	4.0
1588	1292.0
158864	3.5
1589	1758.0
158900	3.0
158914	3.0
158916	3.0
158936	3.0
158942	3.0
159	762.5
1590	2355.0
159000	3.5
159024	3.5
1591	1608.0
159153	18.0
159167	1.0
159185	11.0
1592	371.5
159203	4.0
159211	1.5
1593	480.0
1594	955.5
159447	4.0
1595	164.5
1596	168.0
159636	1.0
159638	4.0
1597	3710.0
1598	250.0
159849	24.5
1599	120.0
16	7284.5
160	3867.0
1600	210.0
160706	4.5
160718	328.5
1608	4967.0
160874	17.5
1609	273.0
161	9177.5
1610	8689.5
161024	22.0
1611	846.0
161179	3.0
161187	2.0
1613	108.0
1615	884.5
1616	1212.0
161620	1.0
1619	1775.5
162	2343.5
1620	1732.0
1621	218.5
1622	25.0
1623	268.0
162374	3.5
162396	17.5
1624	189.5
162472	4.0
162512	2.5
162592	22.0
1626	207.5
1627	773.0
1628	18.5
162864	4.0
162880	5.0
1629	308.5
163	5097.0
1630	9.0
1631	147.0
1632	60.5
1633	897.0
163312	4.0
163376	4.0
1635	2202.0
1636	21.0
1639	5304.0
163937	23.5
164	1390.5
1640	163.0
1641	5844.0
1642	202.5
1643	957.5
1644	2125.0
1645	4719.0
1646	202.0
1647	179.5
164741	2.0
1648	540.5
1649	493.5
165	13113.5
165023	0.5
1651	50.5
1652	22.0
1653	8206.5
1654	235.0
1655	220.5
165567	4.0
1656	39.0
1659	38.0
166	193.0
1660	403.0
1661	200.5
1662	57.0
1665	987.0
1666	50.0
166643	490.5
1667	311.5
166747	4.0
166773	3.0
166798	2.5
1669	81.0
167	21.5
1672	1539.0
1673	5452.0
167330	2.0
167424	4.5
1675	39.0
167502	3.5
167556	3.5
1676	5495.0
167644	5.5
1677	50.0
167738	54.5
1678	1638.5
1679	47.0
168	3720.5
1680	2769.5
168056	3.0
168114	2.5
1682	11768.5
1683	698.0
168408	5.0
168426	1.5
1685	16.0
168530	2.5
1686	323.0
1687	1493.5
168712	43.0
168742	2.0
1688	1608.5
168864	1.0
1689	710.5
169	843.0
1690	3829.0
169020	0.5
1694	1041.5
1696	83.0
1697	14.0
169758	0.5
169788	5.0
1698	19.0
169800	0.5
169842	2.5
169864	99.5
169962	3.5
17	8863.5
170	3050.0
1701	1021.0
1702	1295.0
170263	7.5
170277	4.0
170279	3.0
170399	20.0
170477	2.0
1705	17.0
171	446.5
1710	8.5
171213	3.0
1713	685.5
1714	12.5
1715	32.5
1716	5.0
1717	2196.0
171759	9.0
171769	3.5
171771	3.0
1718	41.5
1719	1424.5
172	3649.0
1720	18.0
172003	4.0
1721	13192.5
1722	4208.5
1723	20.0
1724	17.0
1725	70.0
172535	3.0
172577	3.5
1726	759.0
1727	683.5
172705	4.0
172803	6.0
1729	4740.0
172913	3.0
173	4050.0
1730	648.5
1731	160.5
1732	10005.0
1734	695.5
173421	4.0
173443	0.5
173467	4.0
173499	4.0
1735	1009.5
1738	11.0
173847	3.0
174	533.5
174371	4.0
174865	1.0
175	1855.0
175245	3.5
175553	0.5
175555	0.5
176	890.5
176037	2.0
177	655.5
1770	53.5
1771	117.0
1772	854.5
1773	47.5
1774	12.0
1776	10.5
1777	5056.0
1779	1929.0
178	128.5
1781	6.0
1782	22.5
1783	383.0
1785	418.5
1787	6.5
1788	276.5
1789	15.5
179	296.5
1791	192.0
1792	1679.5
1793	19.5
18	1831.5
180	3193.0
1807	64.5
1809	390.0
1810	1354.5
1811	30.5
1812	85.0
1815	5.0
1816	230.5
1817	39.0
1819	3.0
182	215.5
1824	148.0
1825	76.5
1826	49.5
1829	61.0
183	189.0
1830	5.0
1831	2288.5
1832	14.5
1833	836.0
1834	1659.0
1835	1799.0
1836	540.0
1837	120.0
184	93.0
1840	553.0
1841	226.0
1842	9.0
1843	23.5
1844	248.5
1845	825.5
1846	109.5
1848	558.5
1849	15.5
185	7870.5
1850	37.0
1852	6.5
1853	24.5
1857	93.5
1858	367.0
1859	138.0
186	3338.0
1863	270.5
1865	111.0
187	309.0
1870	127.5
1871	18.5
1872	23.5
1873	1114.0
1874	56.0
1875	339.5
1877	17.5
1878	49.0
1879	37.5
1880	137.5
1882	2104.0
1883	1684.5
1884	3855.5
1885	1424.0
1887	158.0
1888	906.0
189	73.0
1890	29.5
1891	29.5
1892	1440.0
1893	76.0
1894	1675.5
1895	1087.0
1896	75.5
1899	23.0
19	6027.5
1900	311.5
1901	27.0
1902	94.0
1903	22.0
1904	278.0
1906	105.5
1907	3799.0
1908	11.0
1909	4330.0
1911	2097.5
1912	2968.0
1913	548.0
1914	941.0
1915	11.0
1917	7235.5
1918	3114.0
1919	291.0
192	23.0
1920	1168.5
1921	3801.0
1922	53.0
1923	9324.5
1924	537.5
1926	44.0
1927	1004.5
193	1943.5
1930	27.5
1931	738.0
1933	47.5
1934	317.0
1936	263.5
1937	180.0
1938	400.5
1939	718.0
194	2146.5
1940	225.5
1941	300.0
1942	289.5
1944	1062.5
1945	2347.0
1946	472.0
1947	3365.5
1948	470.5
1949	772.5
195	948.5
1950	1374.5
1951	796.5
1954	6165.5
1955	1937.5
1956	1723.5
1957	2713.0
1958	1778.5
1959	1945.0
196	4105.0
1961	11413.0
1963	825.5
1964	688.5
1965	2364.0
1966	607.0
1967	3313.0
1968	9439.5
1969	576.0
197	36.0
1970	709.5
1975	484.0
1976	341.5
1977	342.5
1978	256.0
1979	325.5
198	3162.0
1984	249.5
1985	232.5
1986	211.5
1987	173.5
1988	68.5
1989	40.5
199	568.0
1990	26.0
1991	748.0
1992	321.5
1993	227.5
1994	3326.5
1995	411.0
1996	208.0
1997	5446.0
1998	217.5
1999	283.0
2	7714.5
20	1300.5
200	98.5
2000	6874.5
2001	4792.5
2002	3172.0
2003	4003.5
2004	1361.5
2005	4374.5
2006	4765.0
2007	97.0
2008	24.0
2009	1409.5
201	113.5
2010	2364.5
2011	7854.5
2012	7469.5
2013	1786.0
2014	587.5
2015	755.0
2016	252.0
2017	264.0
2018	2712.5
2019	5461.5
2020	3117.0
2021	3323.5
2022	1047.5
2023	4234.5
2024	261.5
2026	365.0
2028	18675.0
2029	172.5
203	1679.0
2033	493.0
2034	589.5
2038	365.0
2039	20.5
204	2387.0
2042	709.5
2043	351.0
2044	76.5
2045	155.5
2046	2009.5
2047	50.0
2048	512.0
2049	84.0
205	434.0
2054	4729.5
2055	69.0
2056	79.0
2057	202.0
2058	3356.0
2059	1144.0
206	276.0
2061	36.5
2062	153.5
2064	2814.5
2067	2274.0
2069	387.0
207	1908.5
2071	515.5
2072	1090.0
2074	87.5
2075	197.0
2077	303.0
2078	3708.5
2079	51.5
2080	3903.0
2082	1397.0
2084	338.5
2085	2911.0
2086	75.5
2087	2819.5
2088	877.0
2089	881.5
2091	310.0
2093	559.5
2094	2315.0
2095	218.5
2097	455.5
2098	92.5
2099	506.5
21	8422.5
2100	4066.0
2102	403.0
2103	57.5
2104	99.0
2105	3538.5
2107	590.0
2108	2452.0
2109	2869.0
211	190.5
2110	768.0
2111	672.0
2112	904.5
2114	1301.0
2115	8639.0
2116	1878.5
2117	1093.0
2118	1230.0
2119	338.5
212	139.0
2122	740.0
2123	832.5
2124	2817.0
2125	2216.0
213	658.0
2132	1121.0
2133	1416.5
2134	2051.5
2135	635.5
2139	1780.0
214	379.5
2140	2993.0
2141	1651.5
2142	680.0
2143	1039.5
2144	3334.5
2148	362.5
2149	190.0
215	2463.5
2151	551.5
2152	202.0
2153	634.0
2154	283.5
2155	666.0
2157	47.0
216	3126.0
2160	3241.0
2161	3863.0
2162	551.0
2163	462.0
2164	60.5
2165	295.5
2166	376.0
2168	158.0
2169	333.5
217	290.0
2171	423.5
2172	53.5
2176	1260.0
2179	119.5
218	1328.0
2180	177.0
2182	261.5
2185	137.0
2186	2193.5
2189	42.5
219	243.0
2191	28.0
2192	11.0
2193	3454.0
2195	334.5
2196	101.0
2197	62.5
2199	34.5
22	3325.5
220	71.5
2200	24.5
2202	552.0
2204	271.0
2207	42.0
2210	200.0
2211	83.5
2212	408.0
222	2033.5
223	9312.0
2232	2625.0
2239	213.5
224	3005.0
2241	160.5
2246	16.0
225	4118.0
2251	8.0
2252	525.5
2253	1134.5
2255	115.5
2259	372.5
226	8.0
2260	77.5
2261	392.0
2262	636.5
2263	454.5
2264	161.0
2266	318.0
2267	157.0
2268	6364.0
2269	971.5
227	1401.5
2270	7.0
2274	8.5
2275	243.5
2277	2.0
228	143.0
2280	322.0
2282	773.0
2284	182.5
2286	51.0
2287	521.5
2288	3918.5
2289	2945.0
229	721.0
2290	359.0
2291	8805.0
2292	54.0
2293	24.5
2294	3771.0
2295	166.0
2297	1524.5
2300	2453.0
2302	5398.0
2307	76.5
2309	8.5
231	10189.5
2310	233.0
2312	1005.0
2313	2753.0
2319	4.0
232	2277.5
2320	561.0
2321	5057.0
2322	689.0
2323	93.0
2324	9324.0
2325	626.5
233	1149.0
2330	327.5
2331	405.0
2332	45.0
2333	1698.0
2334	1009.0
2335	2138.5
234	822.0
2348	832.5
2349	494.5
235	5798.0
2355	8124.0
2357	974.5
2359	2657.5
236	4145.5
2360	954.5
2362	123.0
2363	740.0
237	1990.0
2370	307.0
2371	2342.0
238	282.5
2383	460.0
239	1109.5
2395	5640.0
2397	42.0
24	2706.0
240	206.5
241	163.5
242	350.0
2428	1868.0
243	126.5
2433	1315.0
2436	395.0
2438	5.0
244	78.0
2440	128.5
2441	66.0
2442	497.5
2444	15.5
2447	996.5
245	65.0
2453	358.0
2454	1203.5
2455	3755.0
2457	371.0
2459	1181.5
246	4142.5
2460	223.0
2462	109.0
2463	1081.5
2469	1126.5
247	2806.5
2470	4024.5
248	1002.5
2486	35.0
2487	21.0
249	1612.5
2493	96.0
25	8368.0
250	246.0
2501	3179.5
2502	8783.0
2503	23.0
251	91.5
2516	79.5
2517	792.0
252	3320.5
2525	201.0
2527	1467.5
2528	1732.0
253	9890.0
2539	3298.0
254	159.5
2546	300.5
255	303.5
256	2848.0
2565	1481.5
2566	82.5
2567	1291.5
257	1299.0
25736	11.5
25738	14.0
25739	3.5
2574	408.0
25741	18.0
25744	4.5
25746	28.0
25747	3.5
25748	4.0
2575	581.0
25750	145.0
25751	9.0
25752	44.5
25753	67.0
25755	51.5
25757	19.5
2576	20.0
25763	62.5
25764	63.5
25767	7.5
25768	3.5
25769	108.5
2577	92.5
25771	319.0
25773	41.5
25774	86.0
25778	3.0
25783	3.0
25786	4.0
25787	3.0
25789	20.5
25793	100.0
25795	38.5
25797	12.5
258	424.5
25801	18.0
25803	3.5
25807	16.5
25831	3.0
25832	7.0
25833	34.5
25834	18.5
25842	29.5
25843	3.0
25846	7.5
25852	27.0
25855	57.0
25858	3.5
25866	57.0
25868	61.5
25869	11.5
2587	271.0
25872	3.0
25874	13.0
25875	4.5
2588	7.0
25884	3.5
25890	10.0
25893	36.5
25894	3.5
25898	47.0
259	597.5
25900	17.5
25902	5.5
25903	14.0
25904	25.0
25905	27.0
25908	5.5
25913	7.5
25914	29.0
25915	7.5
25918	27.0
25919	3.0
25921	7.0
25922	9.5
25926	8.0
25927	85.0
2593	179.0
25934	33.5
25936	2.0
2594	1069.0
25941	25.0
25943	35.0
25944	6.0
25950	11.5
25951	10.0
25952	21.0
25956	3.0
25961	32.5
25970	3.0
25975	2.0
25977	22.5
25993	10.0
25994	4.5
25998	6.0
26	947.5
260	29242.5
26005	32.0
26009	15.5
26010	32.0
26018	4.5
26022	7.5
26030	3.0
26035	3.0
26038	25.5
2604	1.0
26042	3.0
26044	9.5
2605	2866.5
26056	7.0
2608	3.0
2609	182.5
261	4084.5
2610	120.5
26108	3.0
2611	484.0
26111	136.0
26113	16.5
26116	87.0
26119	31.5
2612	447.5
26123	6.5
26124	18.5
26125	7.0
26127	3.0
2613	505.5
26130	4.0
26131	485.0
26133	473.5
26138	21.0
2614	47.0
26140	3.5
26141	13.0
26142	21.5
26146	14.0
26147	17.0
26152	299.5
26153	24.5
26155	19.0
26158	66.0
2616	1760.0
26167	0.5
2617	5882.0
26170	37.0
26171	135.5
26172	143.5
26174	31.0
26175	6.0
26176	27.5
26177	3.0
26178	35.0
26180	6.5
26181	42.5
26185	17.5
26189	11.0
2619	9.0
26191	3.0
26195	9.0
26198	25.5
26199	40.0
262	1702.0
2620	90.5
26203	78.0
26204	17.5
26205	8.5
2621	135.0
26215	3.5
26223	3.0
26225	30.5
2623	15.5
26230	8.5
26232	5.0
26242	358.5
26245	12.0
26246	93.5
2625	166.0
26251	12.0
26252	15.0
26255	7.5
26258	160.0
26259	8.0
26263	2.0
26266	5.5
26268	42.0
26269	34.0
26270	24.0
26271	24.0
26277	10.0
26280	43.0
26282	28.5
26283	46.5
26285	147.0
26290	3.0
26291	3.5
26299	33.5
26301	14.0
26302	49.0
26306	39.0
26314	1.5
26316	7.5
26317	17.5
26320	7.0
26323	4.5
26325	9.5
26326	175.0
26333	11.0
26334	17.5
26336	30.0
26340	78.5
26342	33.5
26347	51.5
26350	128.0
26354	2.5
26356	9.0
26357	2.5
2636	28.5
26360	17.5
26366	47.5
26368	3.5
26369	3.0
2637	53.5
26370	9.0
26371	33.5
26372	3.5
26378	15.5
26379	30.0
26380	13.5
26386	129.0
26387	17.5
26388	11.5
2639	321.0
26391	20.5
26393	37.0
26398	112.0
2640	5439.0
2642	1350.0
26422	141.5
26425	101.0
26430	2.5
26431	16.5
26444	112.0
26450	2.5
26452	3.5
26465	12.5
26467	55.5
26479	26.5
2648	1252.5
26483	18.0
26484	5.5
26488	39.5
2649	153.5
26491	53.5
26497	20.5
265	4382.5
26502	79.0
26504	56.5
26505	3.5
26509	33.0
26510	5.5
26513	86.0
26514	4.0
2652	106.5
26520	5.0
26521	10.0
26530	2.5
26538	7.0
26539	29.5
2654	329.0
26540	37.5
26547	132.0
2655	68.0
26550	45.5
26554	131.0
26555	276.5
26558	33.0
26560	16.5
26561	32.0
26564	67.5
26566	8.5
26567	30.0
26569	7.5
2657	4645.5
26571	3.5
26574	4.0
26578	135.5
26580	2.0
26581	5.5
26587	143.5
26593	15.0
26596	6.5
26599	43.0
266	5947.0
26600	3.0
26602	8.0
26603	130.0
26606	107.5
2661	171.5
26610	0.5
26612	38.5
26614	1577.0
26615	4.0
26617	10.5
2662	1854.5
26622	8.0
26630	26.0
26631	61.0
26638	5.0
26643	8.5
26644	32.0
2665	112.0
26655	3.5
2666	40.0
26663	56.5
2667	83.5
26676	13.5
26677	3.0
2668	364.0
26680	300.5
26686	57.5
26688	94.5
26689	5.5
2669	197.0
26691	30.5
26693	225.0
26694	78.5
26699	51.5
267	1213.5
26700	61.0
26701	45.5
26702	30.5
26703	6.0
2671	4907.0
26710	2.5
26712	106.5
26714	7.5
26728	9.5
26730	13.0
26736	55.0
26743	69.0
26744	28.5
2675	30.5
26750	92.0
26755	4.5
26758	55.0
26761	7.5
26762	3.5
26765	3.0
26769	0.5
26774	14.5
26776	1008.5
26782	37.0
26791	24.5
26792	24.0
26796	29.5
26797	14.5
268	205.0
26803	13.5
26810	81.5
26811	12.0
26813	4.5
26814	10.0
26826	3.5
26827	6.5
26831	6.0
26838	48.0
26841	19.0
26842	55.5
26843	3.5
26849	48.0
26850	13.0
26861	9.5
26865	255.0
2687	2240.5
26873	15.5
26886	10.5
26889	3.5
269	146.0
2690	983.5
26911	2.5
26914	24.5
2692	7429.5
26925	33.0
26928	6.0
26939	99.5
2694	3157.5
26940	22.0
26941	3.5
26946	3.0
26947	128.0
26948	14.5
26949	7.5
26954	6.5
26958	4.0
26973	26.0
26974	151.5
26976	6.5
2698	12.0
26985	30.5
2699	3940.0
27	520.5
27003	25.5
27004	9.5
27009	30.5
2701	2785.5
27016	4.0
27022	72.5
27031	1.0
27033	95.0
27036	90.0
27040	12.5
27046	20.0
27064	19.5
27067	16.0
27070	6.0
27095	12.0
271	400.5
27103	2.0
27105	3.5
27112	20.5
27114	19.0
27134	49.5
27152	24.5
27171	5.0
27172	5.5
27176	15.0
272	2716.5
27204	5.0
2721	251.0
27215	4.0
27217	4.0
2722	2272.5
27223	6.5
27232	2.5
27236	2.0
27255	21.0
27261	4.5
27271	35.5
27273	3.5
27276	12.5
27277	3.0
2728	1968.0
27292	5.5
27297	2.5
273	2292.5
2731	1108.0
27316	32.0
27317	581.5
27320	4.0
27327	21.5
27329	40.0
27332	3.5
27338	111.0
2734	870.5
27344	14.0
27350	11.0
27351	33.5
27362	49.0
27370	42.5
27376	74.0
27378	4.5
27391	77.5
27395	7.0
27397	152.0
274	363.0
27408	62.5
2742	8.0
27420	2.0
27431	12.5
27432	19.5
27441	94.5
27444	5.0
27447	1.0
27450	28.5
27451	9.5
27455	7.0
27456	54.0
27458	4.0
27459	3.0
27461	29.0
27472	3.0
2748	230.5
2749	213.5
275	438.0
2750	785.0
27506	8.0
27509	20.0
2752	256.5
27523	141.0
27526	2.5
2753	110.5
2754	16.0
27544	13.5
27548	3.5
27549	3.5
2755	62.0
27550	6.0
2756	81.0
27563	93.5
2757	277.0
27573	2.5
27576	6.5
2758	45.0
27584	100.0
2759	979.0
27595	4.5
27598	4.0
276	1491.0
2760	15.0
2761	3855.0
27618	76.0
2762	18535.5
27620	17.0
27624	3.0
27631	4.0
27636	15.5
2764	992.5
27644	17.0
27646	15.0
27658	2.0
2767	74.5
27671	41.5
27674	240.0
27679	7.5
2768	29.5
27683	11.0
2769	217.5
27699	4.0
277	3343.5
2770	3227.5
27706	1521.0
2771	538.5
27711	20.0
27716	48.0
27717	12.0
27719	5.0
27721	729.0
27724	22.5
27735	17.5
27738	33.0
27740	3.0
27742	7.0
27743	6.0
27764	21.5
27768	35.5
27769	2.5
2777	26.0
2778	53.0
27786	6.5
2779	802.0
27793	94.0
278	382.5
27805	10.0
27815	633.5
27816	109.0
27824	7.5
27827	13.0
27834	233.0
27840	5.5
27841	2.5
27843	33.0
27847	5.5
27850	140.0
27857	87.0
2786	121.0
27862	12.0
27864	31.5
27865	62.0
27866	55.0
2787	325.5
27873	290.0
27875	15.0
2788	2308.0
27884	22.5
2789	432.5
27899	184.0
279	306.0
27904	1515.0
27905	104.5
27909	0.5
2791	7614.0
27919	8.5
27922	36.5
2798	367.5
28	1161.0
280	1803.0
2800	130.5
2805	1379.5
281	1390.5
2813	59.5
2817	132.0
2830	33.5
2832	9.5
284	13.0
2841	1676.0
285	12.0
286	19.0
2860	654.0
2861	764.5
287	113.5
288	7989.0
2882	251.0
2887	24.0
289	1022.0
2890	4502.5
2891	404.0
2892	26.0
2894	176.0
2895	5.5
2897	70.5
2898	245.5
2899	170.0
290	1531.5
2900	243.0
2907	410.5
2909	6.0
291	149.5
2911	14.0
2912	1237.0
292	9390.5
2923	59.0
2924	806.0
2925	331.5
2926	1207.0
2927	323.0
2928	177.5
2929	471.0
293	12504.0
294	292.5
2959	23536.0
296	33584.0
2963	42.5
2965	78.5
2966	1363.0
2969	198.0
297	69.5
2972	186.5
2973	1585.5
2974	144.5
2976	1155.5
2977	127.5
2978	289.0
2979	75.5
298	73.0
2981	30.0
2982	51.5
2984	66.0
2988	192.5
2989	1471.5
299	894.5
2990	1508.0
2993	1640.5
2994	24.0
2998	33.0
3	4398.5
30	413.5
300	7267.0
3001	15.5
3003	46.5
3004	413.0
3007	899.5
301	126.5
3010	114.0
3011	385.0
3012	26.0
3013	156.0
3014	73.0
3016	909.5
3019	1511.5
302	546.5
3021	65.5
3022	950.0
3023	4.0
3024	232.5
3025	30.5
3026	21.5
3028	245.0
303	2161.5
3030	1664.0
3031	88.5
3033	4236.5
3034	1863.5
3035	903.0
3036	352.0
3037	1637.5
3040	709.5
3041	87.0
3043	48.5
3048	83.0
3049	63.0
3050	36.5
3051	295.0
3052	6269.0
3053	805.5
3054	414.5
3055	186.5
3056	23.5
3057	18.0
3059	6.0
306	2809.0
3060	1962.0
3061	567.5
3062	1029.0
3063	354.0
3064	115.0
3065	14.0
30695	6.0
307	2672.5
30707	4763.5
30712	35.5
3072	3071.0
30723	10.0
3073	52.5
3074	527.5
3075	412.5
3076	203.0
3077	471.5
3078	282.0
3079	499.5
30793	3470.5
308	1999.0
3080	4.0
3081	4942.0
30810	2582.5
3082	3018.0
3083	1802.0
3084	6.5
30846	189.5
3085	11.5
30856	4.0
3086	157.0
30861	7.5
30863	3.5
30867	47.5
3087	1916.0
3088	1401.5
3089	1407.5
30892	69.0
309	121.0
3090	404.5
3092	61.0
3093	558.5
30942	3.0
30949	6.0
3097	595.0
30970	15.5
30977	5.0
30994	14.0
30996	10.0
310	64.5
31000	14.0
31004	5.0
3101	4276.5
31011	5.5
3102	489.5
31026	44.0
3103	124.5
31032	37.5
31035	69.0
3104	2093.0
31040	3.0
31042	8.0
31047	2.0
31060	2.5
3107	2798.0
31083	11.0
31086	14.0
3109	104.0
311	17.0
3110	74.0
31104	10.5
3111	457.0
31112	1.5
31116	147.5
3112	109.0
31123	32.5
3114	10095.5
31148	21.0
3115	190.0
31150	79.0
31152	4.0
31156	24.5
3116	9.0
31160	12.5
31162	91.5
31165	4.0
3117	148.0
3118	97.0
31184	310.0
312	330.5
31203	4.0
3121	56.0
3122	62.5
31221	418.0
31223	90.5
31225	475.0
3124	68.5
3125	386.5
31251	53.5
31263	17.5
3127	204.5
31270	84.0
31297	8.0
313	432.0
31309	61.5
3131	5.0
3132	59.0
3133	94.0
31337	6.5
3134	647.0
31340	3.0
31347	18.0
31353	3.0
31359	23.0
31362	2.5
31364	387.5
31374	51.5
31389	17.0
314	1392.5
31408	66.0
31410	2070.0
31413	8.0
31427	333.0
3144	56.5
31445	57.0
3145	362.5
3146	973.5
3149	23.5
31498	6.0
315	3392.5
31502	73.0
31522	78.0
31524	13.0
31535	2.5
31547	45.0
31549	7.5
31555	30.5
3159	1518.5
31598	5.5
316	11095.5
3160	4971.0
31600	9.0
31610	3.0
3162	20.0
3164	3.0
31647	13.0
31655	3.5
31658	3623.5
31664	15.0
3168	2215.5
31680	7.5
31682	16.5
31685	2320.0
31687	81.5
31692	3.5
31694	295.0
31696	2428.5
317	5104.0
3170	6.0
31700	72.0
3171	55.5
3172	19.0
3173	1438.0
31742	9.0
3175	5297.5
3176	4918.0
3177	415.0
31770	51.0
3178	1707.5
3179	513.5
318	37477.5
31804	421.0
31856	5.0
31867	75.0
31869	9.0
31894	13.0
319	2745.0
31900	5.5
31903	67.5
31909	18.0
31915	6.5
31921	3.0
31923	235.5
31930	59.0
31932	11.0
31948	28.0
31950	34.0
31952	197.0
31954	12.5
31973	22.5
31983	5.5
31991	3.5
31998	11.5
320	105.5
32013	17.5
32015	3.0
32029	468.5
32031	870.0
32049	6.0
32058	55.0
32060	8.5
32074	13.0
32076	32.0
32078	42.0
32082	3.0
32084	8.0
32088	9.0
321	345.5
3210	3207.5
32109	2.5
32120	5.0
32122	3.0
32124	7.5
32128	28.0
32139	75.0
32149	11.0
32151	9.5
32158	3.5
32160	42.0
32162	16.0
32166	5.5
32196	32.0
322	1104.5
32213	282.5
32234	17.0
32261	33.5
32263	16.5
32285	4.0
32294	0.5
32298	198.0
32302	77.0
32316	18.5
32318	6.5
32325	13.5
32329	7.0
32387	85.5
32389	4.5
32395	22.0
32444	9.0
32456	128.0
32497	7.0
32511	24.5
32520	3.0
32562	51.5
32582	86.5
32593	16.5
32596	520.0
326	558.0
32600	20.0
32617	18.5
32625	8.5
32627	16.0
32646	15.5
32649	21.0
32657	84.0
32666	15.0
32677	10.5
32686	8.0
32689	3.0
327	2087.0
32707	11.0
32728	33.0
32825	47.0
32830	4.0
32834	23.0
32836	8.0
32862	26.0
32866	7.5
329	9092.0
3291	1.0
32928	6.0
3293	10.5
32941	7.5
33	32.5
330	453.0
33001	3.0
33049	2.5
33081	14.0
3309	76.0
331	141.0
33124	38.0
33126	31.5
33134	10.5
33138	144.5
33150	9.0
33152	14.0
33166	3892.0
332	625.5
33201	4.5
33245	10.5
33251	12.5
33255	11.5
33294	37.0
333	3907.0
33310	3.0
33318	3.0
33321	17.0
33340	16.5
33358	47.5
33380	9.5
33389	5.0
33393	3.5
334	652.0
33421	67.5
33454	31.5
33495	151.0
335	121.0
33539	43.0
33555	5.0
33558	40.0
33564	72.5
33592	28.0
336	87.0
33624	2.5
33641	11.0
33644	32.5
33660	2053.5
33688	6.5
337	6661.5
33709	16.0
33725	92.5
33743	10.5
33799	15.5
338	1353.5
33801	8.0
33817	110.0
33823	16.5
33838	54.5
339	8126.0
33914	3.5
3396	2663.0
3397	815.5
33988	7.0
33998	3.0
340	515.0
34004	0.5
34016	9.5
34045	24.5
3405	241.5
34057	7.0
34065	17.0
34148	127.5
34158	2.5
34170	13.5
3418	4538.0
34193	11.5
342	4104.0
34214	3.5
3423	113.0
34231	14.5
3426	291.0
3427	128.0
34299	6.5
343	194.0
34312	5.0
34314	16.0
3432	115.0
34326	89.0
34334	237.5
344	12300.5
34469	23.0
34482	28.5
345	3632.5
34505	13.5
34528	284.0
34530	154.5
34583	8.5
346	332.5
34666	21.0
3469	752.5
34696	13.5
347	492.0
3472	33.0
34729	8.0
3476	2074.0
34767	27.5
3478	658.5
3479	1359.0
348	2972.5
3480	414.5
34800	9.5
3483	898.5
3484	673.5
3485	11.0
3486	27.5
3489	3122.5
349	11525.0
35	526.0
350	5442.0
3509	111.0
3511	146.0
3512	1018.5
3513	864.5
3515	408.0
3520	32.5
3525	590.5
3526	1763.5
3527	5797.5
3529	345.0
3536	1471.0
3537	84.5
3539	180.0
3541	11.0
3543	1332.5
3547	118.0
3549	520.5
3554	354.0
3556	2557.0
3558	7.0
3563	123.5
3565	569.5
3573	21.0
3574	17.0
3575	14.5
3576	435.0
3577	55.0
3578	16912.5
3580	46.5
3581	353.0
3586	44.5
3587	96.5
3589	14.5
3591	950.0
3592	29.0
3593	752.0
3594	493.5
3595	17.5
35957	532.5
3596	96.0
3597	92.5
3598	418.0
3600	105.0
3602	72.5
3603	6.5
3604	144.0
36056	27.5
36247	8.5
36264	3.0
363	218.0
3632	131.5
3635	1585.5
3638	1603.0
36392	5.5
364	15816.0
3640	44.0
36401	845.0
36405	3.5
36511	8.0
36513	48.0
36519	777.0
36523	7.0
36527	301.0
36529	3119.5
36576	3.0
36630	10.0
36683	6.0
36799	0.5
3681	2129.0
3682	587.0
3683	1934.5
36850	47.5
3686	1324.5
3687	34.0
36883	7.0
3692	79.5
36931	63.0
3698	2434.0
3699	1316.5
3701	812.5
3716	70.0
37211	25.5
37257	3.5
37269	7.5
37335	16.0
37380	376.0
37462	13.0
37495	61.5
37545	38.5
37626	16.0
3763	1050.5
3764	290.5
37653	10.0
3766	209.5
3767	113.0
377	14781.5
37720	471.0
37727	648.0
37731	551.0
37736	168.0
37744	3.5
3777	46.0
378	657.5
3780	36.0
3782	32.0
3784	571.0
37853	192.0
37857	338.0
3786	657.5
379	1779.0
38	178.5
380	16152.5
38046	20.5
38061	2576.5
381	1881.5
38164	10.0
38198	44.0
38294	66.0
383	1752.0
38304	259.5
38499	174.5
38583	25.0
3865	295.0
38688	2.5
387	204.5
3870	63.0
38701	20.5
3875	37.5
3877	278.5
388	203.5
38843	15.5
38849	9.0
38867	9.0
38884	3.0
389	69.0
390	296.0
3902	24.0
39048	4.0
391	120.0
39183	2648.0
392	100.5
39231	419.0
393	479.5
39305	3.0
3933	38.5
3934	38.5
3936	224.5
39369	17.5
3937	195.5
3938	42.0
39398	26.0
39400	77.0
39402	8.5
39408	14.0
3941	32.0
39410	3.0
39412	3.5
39414	330.0
39435	436.5
39446	1086.0
39449	208.5
395	10.0
39516	2.5
396	6.5
3962	54.5
3966	144.5
397	30.5
39768	32.0
39786	6.5
398	17.0
3980	1472.0
3981	1068.5
39824	4.0
39857	3.5
3989	229.0
39931	5.5
39934	18.5
400	13.5
401	5.5
4011	9277.5
4012	133.5
402	17.5
40226	7.5
4024	166.5
4025	3553.0
4031	287.5
4032	39.0
4034	6713.5
40342	12.0
404	39.0
4043	130.0
40467	7.0
40478	4.0
4049	41.0
40494	8.5
405	926.5
40574	47.0
406	20.0
40629	1910.5
40681	14.0
407	587.0
40723	236.0
40732	894.5
40752	12.5
408	250.5
40815	5933.5
40817	27.0
40819	2993.5
40826	351.5
40833	9.0
409	121.5
40946	171.0
40952	36.5
40955	111.0
40959	137.0
40962	95.0
40969	10.5
40973	44.0
410	5773.0
41025	58.0
4104	247.0
4105	2293.0
41058	6.5
4107	6.0
4108	51.0
411	34.5
4111	93.5
4112	12.0
4133	332.0
4134	5.0
414	218.5
4140	24.5
4141	170.5
41411	26.5
4146	153.5
4147	46.0
4148	2619.5
41499	3.5
415	817.5
4154	108.0
41566	3781.0
41569	2506.0
41602	4.5
41617	35.5
4169	101.0
4170	10.0
4171	7.5
41714	10.5
4173	11.0
4174	215.0
4175	53.5
4176	59.0
41762	3.0
41769	49.5
4180	20.0
41810	3.5
4182	15.0
41828	35.5
41831	22.0
41863	227.0
41889	3.5
4191	234.0
41914	3.0
4192	27.0
4193	31.0
4195	195.0
4196	34.0
41974	8.5
41980	8.5
4199	40.0
42002	296.0
4201	50.0
42011	568.5
42013	119.0
42015	187.5
4202	13.5
42021	24.5
4203	197.5
4204	37.0
42053	10.5
42094	98.0
421	600.5
42152	4.0
42172	1.5
42176	8.5
42191	64.0
422	438.5
42213	30.0
42217	63.5
4226	15643.0
4228	527.0
423	722.0
4232	1261.0
4233	196.0
4234	385.5
4235	2525.5
424	213.5
42407	0.5
4241	109.0
42418	292.5
4244	21.0
4247	705.5
4248	364.0
42491	3.0
425	298.5
4250	41.0
4251	298.0
42518	10.5
4252	36.5
4253	10.0
4254	432.5
42548	10.0
4255	370.5
42553	3.0
4256	35.5
4257	4.5
4258	15.0
426	943.0
42602	8.5
42632	558.0
42634	13.0
42659	4.5
4266	70.5
42661	3.5
4267	277.0
4269	12.5
427	821.5
4271	34.0
42710	10.0
42718	489.0
42721	88.5
42725	496.5
42728	174.0
42732	154.5
42734	394.5
42738	1234.0
4274	175.0
42740	21.5
42783	11.5
4279	84.5
42794	13.5
428	1973.0
4281	27.5
4283	79.0
4285	242.0
4286	50.0
4288	32.0
42886	3.0
4289	54.0
429	379.0
4290	93.5
4291	662.0
42938	17.5
42943	2.0
42952	7.0
4296	309.5
42984	8.0
42987	16.0
430	77.5
43007	4.5
43009	5.5
43011	18.5
43022	28.0
43039	3.0
4307	26.0
431	3508.5
4311	3.0
43177	4.0
4326	1554.5
43260	1.5
43267	6.5
43269	3.0
4327	1674.0
43292	5.5
433	326.5
43333	126.0
43351	13.5
43376	244.0
4338	246.0
43389	9.0
4339	269.5
43391	31.0
43396	529.0
434	7944.0
43419	111.0
4344	2206.0
43444	21.0
43460	134.0
4347	82.5
4348	7.5
4349	485.0
43497	22.5
435	3739.5
4351	1432.5
43518	8.0
43549	7.0
43552	18.5
43571	6.0
436	389.0
43608	20.5
43635	19.5
4365	2.5
43652	69.5
4368	542.5
4369	2639.0
43699	8.5
437	471.0
43708	121.5
43710	10.0
43727	9.0
4375	12.5
4377	7.0
4379	3.0
438	318.5
4380	365.5
43801	8.5
43822	3.5
43832	71.0
43836	346.5
43838	22.5
43853	31.0
43869	129.5
43871	236.0
43892	8.0
43897	22.0
43899	19.0
439	23.5
43904	75.5
43908	61.5
43912	52.5
43919	150.0
43923	26.5
43930	140.5
43936	677.0
43967	2.5
4398	44.0
43987	38.5
440	6734.0
44004	411.5
44022	1502.5
44041	34.5
441	3378.0
44115	24.5
4412	27.0
44124	3.0
4413	15.0
4415	181.0
44155	14.5
4419	101.0
44191	9097.0
442	5887.0
4421	5.0
44238	20.5
44245	14.0
44255	3.0
4435	13.5
4436	64.0
4437	469.0
44399	76.5
4441	75.0
4442	75.5
4443	332.0
44494	25.0
445	533.0
44511	17.5
44555	3495.0
4457	3.0
4459	39.0
4460	18.0
4461	9.0
4462	79.5
4464	408.0
44655	3.0
44657	41.0
44663	15.0
44671	16.0
44674	15.0
44685	10.0
44694	943.5
4474	366.0
4475	91.0
44752	6.5
4476	86.0
4477	172.0
44773	1.0
4478	347.5
4479	131.0
4480	238.5
44800	15.5
4481	15.0
4482	79.0
4483	201.5
4484	54.5
4485	39.5
4486	88.5
44864	145.0
4488	386.5
44892	1.5
44900	10.0
44937	79.5
4494	61.5
44943	44.0
44947	11.5
4495	225.0
44966	28.0
4497	54.5
44974	916.0
44978	20.5
4498	340.0
4499	1539.0
45000	16.5
4507	7.0
45079	6.5
451	223.5
4512	46.0
4513	22.0
4515	133.5
4516	76.0
4517	94.5
45179	20.5
4518	155.5
45186	1653.0
4519	733.0
45192	12.5
452	418.0
4520	148.0
45210	613.5
45221	167.0
4523	134.0
4529	168.0
453	275.5
45303	3.0
45335	15.0
4538	19.5
4539	1.0
454	8798.5
4540	13.5
4543	96.5
45431	931.0
4546	562.0
4547	24.5
4548	17.5
455	2387.5
4550	31.5
4551	5.5
45512	10.5
4552	176.5
4553	699.5
45533	14.5
45537	5.0
4556	10.0
45576	5.0
45578	4.5
4558	967.0
4561	72.5
4564	376.5
45658	16.5
4566	52.0
45662	197.0
45664	6.0
45679	25.5
45691	4.5
457	20797.0
45722	4803.0
45726	393.5
45756	3.0
4578	164.0
4579	23.5
458	385.5
4580	123.0
4584	69.0
45852	32.0
4587	358.0
4588	38.5
45891	24.5
459	334.0
4592	11.5
45928	323.5
4593	64.5
45940	7.0
4595	105.0
45952	3.5
4597	76.5
45987	12.0
4599	156.0
460	244.0
46105	8.5
4612	213.5
4613	246.0
4614	232.5
462	50.0
46207	3.0
46258	9.5
4627	59.0
4628	181.0
4629	58.5
46335	649.0
4638	2382.5
4639	1191.0
464	908.0
46409	3.0
4641	2463.0
4643	2887.5
46430	15.0
4644	212.0
46441	8.0
4645	83.0
465	245.5
4652	57.0
46525	7.5
4657	27.0
46572	46.5
46578	6498.0
4658	138.0
46581	6.0
466	4188.5
467	251.0
46713	3.0
46748	6.5
4676	172.0
46772	85.5
468	2380.0
4680	79.0
46808	1.0
46821	9.5
4683	124.5
4688	133.0
4689	55.0
469	413.0
46910	7.0
46915	4.5
46919	34.0
46925	7.0
46929	8.5
46948	528.5
4695	36.0
46967	358.0
46972	1558.0
46976	3062.5
46979	3.5
470	119.0
4701	2348.5
4703	542.0
4704	134.0
4705	258.5
4706	33.5
4708	55.5
47084	9.5
4709	182.5
471	4095.5
4710	216.5
47122	322.5
47150	41.5
47200	1063.5
4722	57.0
4723	263.5
47239	11.0
47261	52.5
4727	274.0
4728	1179.5
4729	53.5
473	298.5
47330	8.0
4734	2336.5
47342	7.0
47397	3.0
47404	62.0
47423	404.0
47446	48.5
47452	4.0
4747	10.5
47477	7.0
47491	271.5
47493	7.0
475	3620.0
47501	4.5
47518	547.0
47525	19.5
47559	4.5
47571	2.5
476	76.5
47610	3918.5
47615	12.0
47626	6.5
47646	32.0
47670	11.5
4771	148.0
47714	26.0
4772	115.5
47721	100.5
47723	41.0
47736	22.5
47778	37.0
4780	61.5
4781	8.5
4786	125.5
47860	13.5
47868	27.0
4787	459.0
47871	3.0
47880	3.5
47886	8.0
4789	104.0
479	354.0
4790	51.0
47902	6.5
47904	3.5
47907	10.5
47931	7.5
47940	18.5
47952	169.5
47956	10.0
4798	122.5
47980	0.5
480	25304.5
48035	9.5
4806	65.5
4808	191.0
4809	369.0
481	1771.5
48127	3.0
48150	17.5
4816	3178.5
48161	113.0
48193	9.0
482	959.5
48214	13.5
4822	62.0
4823	1379.0
48231	66.0
4824	41.0
48242	2.0
4825	24.0
48268	6.0
483	168.0
48301	21.5
48315	3.0
48319	137.0
4832	26.5
4836	54.0
4837	71.5
48385	3955.5
4839	16.5
48407	4.5
48412	273.5
48414	216.0
48458	7.0
48522	45.5
48567	6.0
4857	1056.0
4858	19.5
48584	23.0
48591	127.0
48596	84.5
48598	52.0
48660	30.5
48678	117.0
4868	24.0
48770	7.0
48780	7569.0
4879	29.0
48791	46.5
488	157.5
4880	916.0
4883	4.5
48833	13.0
4885	130.0
48856	93.5
4886	11870.5
4887	762.5
4889	601.0
489	751.5
4893	90.5
48943	129.0
4896	8408.5
490	1047.0
49007	23.0
49013	101.0
49035	3.0
49050	5.0
49060	25.5
49082	3.0
4909	74.5
4911	223.0
49110	33.0
4912	268.0
4913	18.5
4916	157.0
4917	30.0
4918	38.5
492	1136.5
4921	192.5
4922	35.0
49220	126.0
49225	26.0
4923	34.0
4925	44.0
4926	15.0
4927	77.0
4928	267.5
4929	235.5
49291	11.0
49299	11.0
493	1339.0
4930	76.0
4931	5.0
49314	100.0
4932	227.5
4933	23.5
4934	34.0
49347	139.0
4935	14.5
49355	19.0
49379	9.5
4938	20.5
4939	177.0
49396	396.0
494	4334.0
4942	37.5
4944	29.0
4946	39.0
4948	6.0
4949	56.0
49494	8.0
4951	412.0
49518	4.0
4952	18.0
49524	52.0
49526	60.0
4953	32.5
49530	4151.0
4954	729.0
4955	13.5
4956	250.5
49571	14.0
4958	1126.0
4959	32.5
496	110.0
4960	31.0
4961	92.0
4962	39.0
4964	53.0
49642	24.0
4965	91.5
4966	182.0
4967	838.5
4968	11.5
49688	36.5
49691	1.0
497	5066.0
4970	349.5
4972	50.5
4973	12788.5
4974	797.5
4975	3435.0
4977	70.0
4978	529.0
4979	5356.0
49815	35.5
4982	28.0
4983	15.0
4984	12.0
4985	28.5
4986	30.5
49872	10.5
4988	37.0
4989	234.5
499	103.0
4990	383.5
4992	1090.0
49929	4.5
4993	21556.0
4995	11114.5
49953	7.5
49957	134.5
49961	436.0
4997	24.5
4998	71.5
5	4300.5
500	11755.0
5000	47.0
5001	76.0
50011	127.5
5002	177.5
50066	71.0
50076	3.0
501	710.0
50153	33.5
50158	61.0
50162	131.5
50183	40.0
50189	261.0
502	914.0
50253	5.0
50271	6.5
503	50.0
50356	8.0
50379	7.0
5038	73.5
504	299.5
5040	585.5
5048	201.5
505	286.0
5051	288.0
5052	0.5
50541	9.0
5055	780.5
5056	196.0
50583	8.0
506	416.5
5060	4799.5
50601	574.0
5061	41.0
50619	20.0
5062	162.0
5063	62.5
5064	2185.0
50641	63.5
5065	954.5
50658	144.5
5066	722.5
5067	5.5
507	1177.5
5070	2.5
5071	38.5
5072	574.0
50794	537.5
508	7820.5
5086	38.5
509	6214.0
50942	29.5
50977	4.0
510	225.5
51044	9.5
51091	424.5
511	601.0
51167	9.0
51182	7.5
512	363.0
51209	6.5
5121	149.0
5122	113.5
5123	54.0
51249	2.0
5125	131.5
5126	26.0
513	157.0
51300	7.0
51317	4.0
51321	6.0
51357	48.0
5137	152.0
5139	444.0
51402	5.0
5143	22.5
5145	56.5
5146	540.5
5147	679.5
51486	3.5
51520	27.0
5153	40.0
51540	2394.0
5155	38.0
5156	10.0
5157	21.5
51619	7.0
5165	127.0
5168	64.5
5172	85.5
5174	22.0
5175	6.0
5176	2.0
5177	260.5
5178	20.5
5179	52.5
51800	3.5
51817	1.0
5183	21.0
5185	22.0
51857	19.0
5187	133.5
51911	11.0
51917	17.0
51933	24.0
51939	183.0
51991	22.5
5201	9.5
5203	14.5
5204	12.0
5205	64.0
5206	14.0
521	665.0
52199	21.0
522	432.0
52237	3.0
5227	33.0
52279	52.5
5228	19.0
523	326.5
5236	20.0
5237	303.5
524	3109.5
5241	96.5
52418	5.0
52448	47.0
52458	668.0
52462	135.5
5247	444.5
5248	79.0
525	85.5
5252	3.5
52528	28.5
5255	161.0
5256	17.5
52561	18.5
5257	3.0
52589	3.0
5259	14.5
526	26.5
5261	2.5
52666	59.5
527	26910.0
52767	129.5
52784	29.5
5279	119.5
52867	48.0
52885	750.0
5289	24.5
52891	7.5
52913	3.0
52980	3.0
530	16.5
53000	1874.5
5302	19.0
531	2807.0
53121	1214.5
53129	690.5
53161	144.5
53187	4.0
5319	514.0
532	1841.5
533	1124.5
53318	559.5
5332	18.5
5333	115.5
5334	148.5
53342	7.5
5335	66.5
53355	32.5
5336	6.0
534	1588.0
53406	27.5
53416	6.0
53435	143.0
535	2068.0
53519	1396.0
5353	68.5
53554	3.0
53569	11.0
53574	27.5
537	1109.0
5375	37.5
53766	14.5
53769	67.5
53774	8.0
53827	66.0
53851	2.5
53883	55.5
539	10089.0
53906	29.0
5393	18.0
53953	1167.0
53999	49.0
540	1316.5
54001	4270.0
54075	52.0
541	14137.0
5413	31.5
54144	3.0
54198	5.0
542	994.5
5421	373.5
5422	94.5
54220	2.5
54229	30.0
5424	18.0
54241	14.5
54243	8.0
5425	42.5
54256	343.5
54272	2843.5
54274	40.5
54276	262.0
54278	50.0
54281	399.0
543	3989.0
54318	4.0
54326	5.0
54328	37.0
5434	96.0
54354	9.5
544	612.5
54406	8.0
54445	5.0
54491	5.0
54503	3842.0
54505	5.0
5458	157.0
54580	8.0
546	1275.0
5460	152.5
54648	509.5
5465	43.5
547	250.5
5470	207.5
5471	24.5
5473	16.5
54732	173.0
54734	121.5
54768	47.0
54796	181.5
548	799.5
5481	3089.5
5482	54.5
5483	226.5
5484	34.5
5485	126.0
5486	32.0
5488	9.0
549	545.5
5491	8.0
54910	67.0
5493	107.5
54934	46.5
5494	16.0
54986	11.5
55	247.5
550	1160.0
5503	43.0
5506	315.0
55061	6.0
55063	63.5
55069	312.0
551	7865.5
55106	12.0
55154	20.5
55156	30.0
5516	103.0
55167	136.5
5519	12.0
55190	38.0
552	4429.5
55207	56.0
5521	64.0
55245	260.0
55253	263.5
55257	80.0
55261	137.5
5528	1742.0
55292	24.0
55294	3.5
553	5517.0
554	171.0
55408	2.0
5544	270.0
5546	44.0
5548	263.5
5549	17.0
5550	25.5
5551	12.5
5552	36.0
55553	128.5
5558	5.0
5559	14.0
55603	26.5
5562	9.0
55681	8.0
55687	56.5
55721	640.0
55765	2436.0
558	448.0
55872	424.5
55888	3.0
55895	44.0
559	24.0
5590	21.5
5592	12.0
55922	6.5
5595	14.5
55955	100.0
560	15.0
5601	62.5
5602	278.0
56067	2.5
5608	813.0
56095	35.0
561	55.0
56152	1172.0
56156	458.5
56165	40.5
56167	43.5
56171	860.5
5618	8287.0
562	2390.0
5620	1301.0
5622	9.5
56294	8.5
563	115.5
56339	808.0
56350	18.5
56372	8.0
56379	36.0
5638	85.5
564	112.0
5646	147.0
56474	13.0
5648	57.5
565	253.0
56508	28.5
5651	126.5
56511	18.0
5652	1.0
5653	75.0
5654	6.5
56616	7.0
56691	3.5
56693	3.0
567	124.0
56715	484.5
5677	87.0
5678	159.0
568	111.5
5680	188.5
56801	481.0
5683	4.5
5686	158.5
5689	89.0
5691	117.5
5693	880.5
56931	3.5
56949	1036.5
56959	2.5
5698	2.5
570	79.0
5707	226.5
5708	9.0
5709	15.5
571	65.0
5717	38.0
5718	19.0
5719	11.0
572	8.0
5721	49.5
5722	63.0
5723	82.0
57243	110.0
5725	10.5
5726	43.5
57276	8.5
5728	20.5
5729	40.0
573	65.0
5731	54.5
57326	82.0
57353	103.0
57393	25.0
574	412.0
5741	22.5
5742	17.0
5744	12.5
5747	663.5
57476	17.0
5748	12.0
575	862.0
5753	12.0
57536	61.0
5759	18.0
576	2.0
5761	17.5
5764	56.5
5765	105.0
57655	4.5
5767	13.0
5769	45.5
57695	7.0
577	174.0
57706	14.5
57776	16.0
57778	4.5
5780	118.0
5781	19.5
57811	4.0
57843	7.5
57845	64.0
579	22.5
57946	3.0
57991	10.0
58	4577.0
580	189.0
5800	67.0
58007	6.5
5801	153.5
5804	322.0
58061	4.0
58081	3.0
58084	7.0
581	722.0
58156	276.0
5816	6890.0
5817	80.0
58191	85.0
582	40.0
5820	206.5
58207	1.0
5822	16.0
5825	108.0
58250	2.5
58287	15.0
58291	49.5
58293	642.0
583	99.0
58301	340.5
58306	213.0
58309	13.0
5833	407.0
58365	6.0
58376	184.5
5839	152.5
584	10.0
58404	44.5
58411	10.0
5842	26.5
58432	36.5
58434	12.5
5844	14.5
5845	9.0
5846	29.5
58492	58.5
58494	27.0
585	2659.0
5850	8.0
58509	3.0
5851	8.0
5852	48.0
5854	50.5
58559	15296.5
5856	11.5
5857	13.0
58595	3.0
586	9145.0
58655	146.5
587	9860.5
5871	0.5
58718	6.5
5876	617.0
58770	0.5
5879	228.0
588	16812.0
5881	1109.0
5889	19.5
5890	278.0
58937	11.5
5894	3.0
5896	60.5
5898	77.0
5899	437.5
59	68.5
590	17508.5
5900	656.5
5902	4087.5
59040	38.5
59053	7.5
59065	25.5
591	4.0
5910	5.5
59118	196.0
59126	487.0
59138	4.0
59143	100.0
5915	78.0
59159	9.0
5916	31.0
5917	10.0
59173	8.0
59178	12.5
5919	41.0
592	16756.0
5920	8.5
5921	5.0
5922	15.5
5923	41.0
5924	14.0
5925	16.0
5927	121.0
5928	17.5
59290	5.0
593	32296.0
59333	224.5
59336	116.0
59362	22.0
5937	47.0
59387	942.0
59392	199.5
594	6584.5
59404	69.0
59421	423.0
59426	3.5
59429	119.0
59435	6.0
59440	36.5
595	13856.0
5951	63.0
59527	7.0
5953	15.5
5955	510.5
5956	3281.5
596	4682.5
5961	94.0
5965	144.5
5966	16.0
5967	10.0
5968	99.0
597	11973.5
5971	3416.5
59738	53.0
598	62.5
59810	108.0
59838	6.5
59852	3.0
59858	3.5
59861	3.0
599	1236.5
59908	47.0
5991	3462.5
59912	21.5
59935	13.5
5994	166.5
5995	6073.0
5996	11.5
5998	32.0
59995	200.5
6	9743.5
600	90.0
60014	4.0
6003	1168.5
60046	33.0
60086	10.5
601	39.5
60106	6.0
60141	85.5
6016	7778.0
60189	6.0
60193	3.0
602	136.5
6020	15.5
6022	45.5
60225	3.5
6023	184.5
60243	7.5
6028	8.5
6029	12.5
60293	151.5
603	171.0
60309	8.5
60316	9.5
60363	62.0
6037	46.0
6038	14.0
60389	21.0
604	6.5
60405	15.0
60421	6.5
60479	13.0
605	1170.5
60551	7.0
60566	24.5
60579	21.0
6058	651.5
60599	34.0
606	452.0
60616	3.0
6068	13.0
6069	11.0
607	11.0
6071	4.5
6072	12.5
6073	11.0
6075	18.0
6076	25.5
60760	310.0
6077	94.5
6078	198.0
608	19652.0
6081	18.5
60825	4.0
609	794.5
60948	62.5
60981	4.0
6103	10.0
61035	8.5
61041	2.5
61048	5.5
6105	15.0
6106	11.5
6107	45.5
6110	8.0
61108	11.5
6114	34.0
6116	52.5
612	445.5
61267	17.0
613	990.5
61312	14.0
61314	11.0
61348	85.0
61361	51.5
614	42.0
61434	3.0
6145	11.0
61473	3.0
615	199.5
61560	3.5
616	2866.5
6163	190.5
61638	4.5
6166	291.0
617	211.0
6171	10.0
6172	18.0
61724	24.0
6173	38.0
618	101.5
6182	29.5
6183	283.0
6187	791.5
619	167.5
61934	7.5
61950	10.0
61991	43.5
62	8004.5
620	5.0
62000	19.0
62008	8.0
621	143.5
6217	45.5
62206	4.5
62213	7.5
623	16.5
62383	18.5
62385	0.5
62394	309.5
624	8.5
62437	183.5
62439	156.5
625	15.0
626	182.5
6264	496.0
627	595.5
62726	10.0
62729	11.5
62761	4.0
62764	34.0
6277	9.0
6278	10.0
6279	131.5
62796	15.5
628	4334.5
6280	148.5
62803	24.0
6283	1160.5
62836	43.5
62847	4.0
629	6.0
62956	466.5
62999	679.0
63	768.5
630	104.0
63069	22.0
6309	11.0
631	650.5
6312	27.5
6317	3.5
63179	16.0
6318	38.5
63194	9.0
632	156.0
6320	42.0
63229	4.5
63273	3.5
63276	27.0
633	119.5
63310	14.5
63339	7.0
634	68.5
6341	155.0
6346	23.5
63481	27.0
63483	2.0
635	373.0
63540	67.5
63590	6.0
636	4.0
63617	4.0
637	1749.5
6373	4136.0
638	186.0
6382	49.0
63859	1035.5
63876	1289.0
639	303.5
6391	22.0
6396	44.0
63989	25.5
64	530.0
640	903.5
64032	132.0
6404	23.0
641	18.5
64116	73.5
6414	17.0
6415	6.0
64167	34.0
6417	20.5
642	2.0
64278	40.5
64288	6.0
643	1.0
64325	3.5
6435	21.0
6436	247.5
6439	10.5
644	4.0
6440	1628.0
6443	3.0
64499	144.0
64501	78.5
64508	66.0
64519	10.0
64522	4.0
64524	13.0
64577	7.5
6461	434.5
6463	20.0
64650	29.0
6466	157.0
647	2723.5
6470	52.5
6471	12.0
6472	7.0
6473	22.0
6474	6.5
6476	41.5
6477	64.5
6478	93.0
6479	10.5
648	13967.5
6488	29.0
64897	3.0
649	60.0
64900	19.0
64923	3.0
64926	3.5
64942	10.5
64944	3.0
6498	38.0
64983	745.5
6499	9.0
65	1291.5
650	496.0
65045	18.0
651	4.5
65142	49.0
65188	301.5
6519	40.5
652	18.5
6520	6.0
6521	26.0
65216	397.5
6522	30.0
6523	110.0
6524	18.5
65256	28.0
6529	6.0
653	4830.5
65300	12.0
65310	25.0
6535	584.5
6537	3278.0
6538	450.5
654	6.0
65435	53.5
6547	76.5
655	4.5
6552	833.5
65521	8.5
6557	21.0
65596	114.0
65612	88.0
65614	2.5
65642	401.5
65651	13.0
65696	3.0
657	1.0
6575	25.5
65796	19.0
658	21.0
659	122.5
6591	384.0
6593	1206.0
65994	1.0
66	478.0
660	39.0
66025	3.0
66066	43.0
66068	12.0
6609	67.5
66092	15.5
661	3585.5
6610	23.0
66105	10.0
66118	4.0
6615	454.0
6619	201.0
662	863.0
6620	1492.5
6623	6.0
663	1126.5
66344	2.0
6636	322.0
6637	15.5
6639	415.5
664	80.5
6641	60.0
6643	273.0
6644	37.0
6646	60.0
665	496.5
66537	3.0
66590	3.0
66592	4.0
666	28.0
66659	27.0
667	294.5
66701	3.0
66720	3.0
66762	28.5
668	290.0
6687	118.0
6691	4.0
67	61.0
670	330.5
67087	1347.0
671	2391.0
6715	10.0
672	2.5
6723	69.5
67255	1776.5
67298	3.0
673	3166.0
67314	5.0
6733	10.0
67365	9.0
674	873.5
67429	53.5
675	6.0
676	10.0
67657	7.5
67675	3.5
67748	16.0
678	1038.0
67809	2.5
67869	8.0
679	40.0
67900	8.5
67927	7.0
6793	418.0
6795	15.0
68	353.0
680	456.5
68044	3.5
681	111.5
68163	3.5
68173	9.0
68180	12.5
682	23.5
68259	2.5
68347	183.0
6844	10.5
68444	41.5
68472	22.5
68482	14.0
685	173.5
68590	5.0
68659	214.0
687	32.0
6877	8.0
688	800.5
6883	51.5
6884	84.0
68954	8340.5
68976	5.0
69	1626.5
690	12.0
69061	1.0
69069	121.0
69072	3.5
69075	5.5
691	363.5
69103	12.0
6916	7.0
69169	5.5
6917	16.0
692	147.0
69217	3.0
69278	193.0
69299	3.0
693	13.0
69310	3.0
69324	72.0
6934	5255.0
6935	115.5
6936	2158.0
694	850.5
69406	1165.5
6945	86.0
6947	2769.5
6948	40.5
69483	11.5
6949	36.0
69495	6.0
695	267.0
6950	229.5
6951	250.0
69526	1138.0
69559	6.5
69569	3.0
6957	1444.0
696	37.0
6961	56.5
6962	3.5
6963	151.5
6964	10.5
6967	51.5
6968	9.5
697	327.0
6970	155.5
6972	3.5
69722	7.0
6973	28.5
6974	289.0
69746	106.0
6976	61.5
6977	153.5
6978	247.5
69784	630.5
69792	3.0
698	41.0
6980	11.5
69803	20.0
6984	68.0
699	5.0
69917	2.0
69928	9.0
69974	7.5
70	4645.0
700	429.0
70046	3.0
7006	19.5
7007	551.5
7008	325.5
701	28.0
7010	89.0
7011	54.5
7012	76.5
70121	6.5
70133	34.5
7014	55.0
7015	48.0
702	162.0
703	107.5
70342	22.5
70366	7.0
704	513.5
70410	28.0
70418	3.0
70423	4.0
70490	3.0
705	131.5
70500	3.5
70587	6.0
706	50.0
70656	11.5
70670	16.0
70687	47.5
70695	20.5
707	1374.0
70706	42.5
70712	3.5
70740	2.5
708	5297.5
70804	3.0
70806	3.0
70821	1.5
70846	28.5
7085	49.5
70862	99.5
70864	15.5
70877	7.0
7088	176.5
709	885.0
7090	3097.5
7091	320.5
70912	27.5
7092	38.5
7093	79.0
7095	40.0
7096	103.0
70984	97.5
71	270.0
710	336.5
71065	4.0
71067	8.5
711	661.5
71110	3.0
71133	1.0
71147	11.0
71184	13.0
712	61.5
71203	7.5
71243	3.0
71254	437.5
71282	470.5
713	51.0
7131	11.0
71325	92.0
71357	2.5
71374	20.5
714	1477.0
71482	10.5
71503	8.5
71520	506.5
71575	9.5
71668	239.5
71670	94.5
71677	13.5
71688	65.0
71700	18.0
71719	3.0
71732	38.5
71750	6.0
71762	4.0
7182	12.5
71821	14.0
7183	24.5
7191	17.5
71910	41.5
71995	4.0
72013	7.0
72094	2.5
72096	7.0
7210	141.0
7211	46.0
72113	24.5
7214	7.5
72153	3.0
7216	167.5
72163	6.5
72178	15.5
7219	34.5
7220	23.5
72204	2.5
7227	66.0
7229	17.5
72308	151.0
72334	10.0
7234	388.5
72340	7.0
72356	295.5
7237	19.0
72386	159.5
72400	3.5
72479	152.5
72483	85.5
72485	8.0
7249	13.0
72505	5.0
72559	5.0
72585	3.5
7267	2.5
7269	16.5
7270	17.0
72701	162.5
72720	502.0
72733	483.5
7274	14.5
7278	10.0
72822	2.5
72852	2.5
72856	3.0
72872	4.0
7288	13.0
7290	13.5
7291	2.0
72913	4.0
7294	119.5
72949	8.0
72958	4.0
7298	2.5
7299	138.5
73	1216.0
7300	116.5
7301	49.0
73027	47.5
7303	220.0
7304	66.0
7305	98.5
73135	10.0
73160	9.5
73183	38.0
73208	6.5
73211	213.0
7326	39.0
73290	321.5
7340	92.5
7341	36.0
7342	16.5
7343	9.0
7344	7.5
7345	100.5
7346	1019.5
73462	24.0
7347	1157.0
73478	2.5
7348	292.5
73492	3.0
73499	8.0
7350	2.0
73501	8.0
7351	6.0
73515	10.5
7353	34.0
73590	11.0
73614	6.5
7364	148.0
73772	5.0
73818	2.5
73881	452.0
7392	11.5
73922	2.0
73954	3.5
73981	13.0
73983	12.0
74	1186.0
74097	6.0
74135	2.5
74137	6.0
74154	197.5
742	470.5
74310	3.5
744	2.0
7442	42.5
7443	12.0
74436	9.0
7445	2615.0
74458	5679.0
7446	10.5
74491	3.5
74493	1.0
745	4979.0
7450	140.0
7451	2712.5
74510	490.5
7453	58.5
7454	1522.5
74545	551.0
7456	47.5
7457	13.5
74580	83.5
7459	137.5
746	111.0
7461	6.0
74657	3.0
74681	11.0
747	260.0
74727	176.0
7484	187.5
7485	69.0
74944	99.0
74946	325.0
74948	199.0
75	151.0
750	10954.5
751	55.5
752	4.0
753	139.0
75341	230.0
75386	2.0
754	88.0
75404	12.0
75438	12.0
75446	15.0
755	64.0
756	35.5
757	96.0
758	2.0
759	114.0
75947	3.0
75950	3.0
75981	8.0
76	1082.5
760	357.0
761	1100.0
76127	12.5
76171	11.0
762	2583.5
76277	8.5
763	7.0
76312	5.0
764	189.5
765	1573.0
766	591.0
767	121.0
76714	6.5
76758	6.5
76772	26.0
768	5.0
76808	4.5
76816	3.5
769	53.0
77	72.5
770	14.0
771	53.0
772	7.0
77210	2.0
77233	15.0
773	6.0
77332	6.5
774	4.0
77412	2.0
775	42.0
77561	3522.5
776	26.0
777	12.0
77744	4.5
77780	3.5
778	10987.5
77829	12.0
77852	3.0
77866	649.0
77875	4.5
77881	3.5
77883	4.0
779	169.5
77910	7.0
77921	3.5
77931	3.0
77944	6.0
77966	3.5
77985	1.5
78	355.0
780	17948.5
78022	2.5
78041	177.0
78071	3.0
78088	291.5
781	637.0
78101	2.0
78124	3.5
78128	17.5
78132	2.0
78140	8.5
78174	144.0
782	781.5
78224	3.0
78247	6.5
78278	1.0
783	3842.0
78308	7.0
78313	23.5
78321	31.0
78344	15.0
78358	3.5
7837	11.0
78381	3.0
7839	15.0
784	4056.0
7840	126.5
78463	3.0
78534	3.0
78539	7.0
786	5549.0
787	41.0
7872	9.0
788	5812.5
78827	3.5
789	15.5
79	1848.5
790	75.0
79008	403.5
79031	2.5
79073	34.0
79094	3.5
791	44.5
7913	11.0
7916	29.5
79163	0.5
792	9.5
79224	404.5
793	29.0
794	26.0
7942	39.0
7944	81.5
795	40.0
79515	2.0
79519	9.0
79528	6.0
79553	387.0
79572	18.5
79580	3.0
79594	3.5
79596	3.0
79599	27.0
796	10.5
79640	4.0
79684	78.0
797	52.0
79720	253.0
79723	3.0
79731	3.0
79771	3.5
79773	2.5
7979	57.0
798	820.5
7980	463.0
7983	238.5
7984	115.5
79842	5.0
7985	7.5
79850	4.5
79860	91.5
7988	49.5
799	2201.0
7992	12.0
79920	8.0
79927	15.5
80	221.5
800	2859.5
80038	7.5
8007	24.5
8008	117.5
8009	3.0
80094	64.5
801	529.5
8010	147.5
8011	148.0
8012	201.0
8014	772.5
8016	206.0
802	4629.5
80219	752.0
80241	121.5
80264	3.5
80267	3.0
80281	14.5
803	179.5
80324	2.5
80337	5.0
80346	3.0
80350	67.0
80374	7.5
804	664.0
8043	16.5
80432	7.5
80469	82.5
80472	3.0
805	4708.5
8055	10.0
8056	41.0
80572	38.5
806	141.5
8063	23.5
80639	3.5
80648	15.0
80659	3.0
80677	11.0
8068	12.5
8069	6.0
807	57.5
8070	11.5
80717	8.5
80775	63.5
808	278.5
80806	3.0
80831	279.5
80844	22.0
80880	65.0
809	401.5
8092	18.5
80928	28.5
8093	52.5
8094	177.5
80941	14.5
8095	6.0
81	965.5
810	409.0
81111	7.5
81182	8.0
812	3.0
81229	1525.0
81250	3.0
8128	271.0
8129	12.0
813	128.0
8130	55.5
81312	2.0
81396	3.0
814	6.0
8141	17.5
81424	10.0
815	9.0
81512	157.0
81524	4.5
81537	608.5
81583	3.0
816	28.0
81646	2.5
81660	3.5
81684	5.5
81751	48.5
81782	411.0
818	695.5
81831	4.0
81847	2280.0
81857	3.0
819	23.0
8194	14.0
81949	19.5
8195	187.0
8197	174.5
8198	23.0
81981	21.5
8199	128.0
82	987.5
820	17.5
8202	9.0
82066	6.5
8208	45.5
82088	3.5
821	22.0
82106	6.0
82115	2.0
82157	2.5
822	9.0
8220	6.5
8221	49.0
8222	33.0
8224	5.0
82269	3.5
823	35.0
82313	3.5
82326	1.5
82362	2.0
82395	5.0
824	144.5
82447	44.5
82469	2.5
825	3.0
82529	6.5
82567	3.0
826	7.0
82631	7.0
82633	10.0
8265	18.5
8266	154.5
82667	251.0
8267	2.5
82676	14.0
82682	11.0
82684	18.0
8269	15.5
827	34.0
8270	119.0
82703	8.0
8272	20.0
8273	64.0
8275	32.0
82767	120.5
828	495.5
82857	3.0
829	454.5
8290	9.5
8291	76.5
82911	3.5
8292	28.0
8293	12.0
83	218.5
830	2128.5
83059	7.5
831	56.0
83132	479.0
832	5270.5
83232	3.5
8327	158.5
8329	11.5
833	394.5
8332	30.5
83345	3.0
8336	36.5
83361	3.0
8337	407.5
8338	126.0
834	45.5
8340	979.0
8341	189.0
83435	8.0
83446	3.0
83540	3.0
83579	4.0
83581	3.0
83588	6.5
836	1476.0
83613	611.0
8363	87.5
8366	944.5
83666	4.5
8367	33.0
8368	7307.0
837	2166.5
8371	1718.0
8372	350.5
8373	611.0
8374	21.5
83765	3.0
838	2928.0
83801	3.0
8382	28.5
83827	15.5
8383	38.0
83831	3.0
8388	6.5
83897	8.5
839	1216.5
8391	23.0
8392	11.0
8393	9.5
8398	9.0
840	190.5
841	178.5
8410	22.0
84100	7.5
84111	3.5
84114	3.0
84116	44.5
84152	2935.0
84154	23.0
84173	10.5
84178	4.5
84187	192.0
842	583.0
8420	11.0
8421	14.5
8422	7.5
84226	4.5
84228	7.0
8424	13.0
84240	43.0
84242	42.5
8425	26.5
8427	7.5
84273	104.5
84281	3.0
84296	3.0
84298	6.5
843	28.0
84312	43.5
844	64.0
84407	2.5
84450	3.0
8446	59.0
8447	39.5
845	10.5
84508	3.0
8453	16.0
8456	46.0
8457	3.5
846	111.5
8460	50.5
84601	585.0
8461	6.5
8462	13.5
8463	25.0
8464	3366.5
84643	3.0
8469	3.5
847	43.0
84730	8.0
84772	801.0
84777	7.5
84796	12.5
848	763.5
84801	12.5
84805	4.0
84834	12.5
84844	72.5
84847	122.5
84857	7.5
8487	43.0
8488	18.0
84880	2.0
849	2446.0
8491	245.5
8494	78.0
84942	95.5
84944	899.5
84954	1414.5
84972	9.5
85	949.0
850	68.0
85014	2.0
85025	111.0
851	465.5
8512	90.0
85129	12.0
85268	18.5
853	43.0
85312	36.5
85330	11.0
85367	438.0
85389	3.0
85394	104.5
854	91.0
85414	2892.0
85442	5.0
855	10.0
85510	591.5
85540	17.0
85542	11.5
85547	3.0
85549	3.0
85574	4.0
856	31.0
857	8.5
85783	5.0
85788	493.5
85790	42.0
858	22791.0
8583	7.5
8584	30.0
8587	19.0
8588	44.5
85889	3.0
859	1.0
8592	3.0
86	1450.5
860	139.5
86000	50.5
86059	68.0
86068	3.0
86087	10.0
86096	4.5
861	838.0
86168	11.5
8617	15.0
8618	63.0
8619	10.5
86190	681.0
862	117.5
86231	2.5
86233	8.5
86244	25.5
86279	23.0
86295	156.0
86320	628.0
86332	2491.5
86337	3.0
864	18.0
86410	19.0
86412	23.5
8643	369.5
8645	855.0
8649	12.0
86497	2.5
865	28.5
8651	44.0
8652	12.0
8653	7.5
86541	7.0
8656	189.0
86576	8.0
86593	4.0
866	2271.5
8665	7145.5
86655	6.0
86664	2.0
8669	8.5
867	79.0
8672	6.0
8675	48.5
86750	10.0
8676	14.0
86764	4.0
86768	4.0
8677	15.5
86778	0.5
86791	3.0
868	31.0
8681	12.0
86829	2.0
86835	206.5
86837	6.0
8688	7.0
8689	43.5
869	172.5
8690	240.5
8691	3.5
8692	9.0
86955	10.5
8696	10.5
8697	4.5
8698	13.5
8699	3.0
87	270.0
870	113.0
8703	16.0
87081	15.0
871	20.0
87115	7.0
87194	78.5
872	17.0
873	3.5
87302	6.0
87308	96.5
8736	8.0
8738	107.0
87392	2.5
874	24.0
8740	46.0
87408	1.5
8741	2.5
8743	19.5
8744	21.0
8745	16.0
8747	12.5
8748	15.5
8749	26.5
875	186.5
87514	3.0
876	76.5
8765	75.0
8766	13.0
8767	53.5
8768	44.5
8769	12.0
877	75.0
8770	17.0
8776	8.0
8779	41.5
87790	8.5
878	7.5
8780	15.0
8785	51.0
87874	1.0
879	564.0
87909	6.5
87911	11.0
87952	3.5
87966	3.5
88	1766.0
880	1390.0
88042	5.0
88051	4.0
88061	6.5
88065	2.5
88067	12.0
88075	8.5
881	287.0
8810	1286.0
88138	11.0
8814	281.0
8816	15.5
8818	8.0
88192	8.0
88237	16.0
8827	516.0
88276	3.5
88284	10.5
8831	102.5
8832	56.5
8833	201.5
8834	12.5
8835	63.0
8836	209.0
88376	9.5
8838	138.0
8839	29.5
884	10.0
8840	32.0
8841	40.0
8842	2.5
8843	5.0
8844	32.5
8845	11.0
8846	21.0
8847	5.5
8848	99.0
8849	18.5
88491	3.5
885	139.5
8850	36.0
8851	14.0
88518	7.0
8852	22.5
8854	44.0
8856	3.0
88562	4.0
88564	5.0
88580	7.5
8859	25.0
886	561.5
8860	516.0
8866	506.0
8867	7.0
8868	25.0
8869	101.5
887	14.0
8870	390.5
8871	17.5
8872	51.0
8873	1649.0
8874	6651.0
88744	2243.0
8875	11.5
8879	397.0
888	188.0
8880	445.5
8881	13.5
88812	215.5
8882	29.0
8883	6.5
8884	85.5
8885	26.0
8886	15.0
8888	2.5
889	38.5
8892	12.0
8893	15.5
88950	70.0
8896	12.5
8897	10.0
8898	31.5
8899	30.5
89	1022.0
890	10.5
8900	12.0
8902	8.0
8905	93.0
8906	197.5
89072	74.0
8908	324.0
891	553.5
89116	3.0
89126	8.5
8913	16.0
8914	1415.0
8915	120.0
8916	319.5
892	449.5
8920	20.5
8922	27.5
8923	48.5
8926	9.0
8927	23.0
89287	6.0
8929	38.0
8930	143.0
8931	23.0
89315	0.5
8932	33.5
8933	89.0
89337	12.0
8935	11.5
8937	488.0
8938	70.0
8939	190.5
8941	48.5
8942	5.0
8944	11.5
8948	320.0
89492	1797.0
895	20.0
89501	4.0
8951	264.0
8952	8.0
8953	3.0
8954	16.5
89584	6.0
896	197.0
8960	7.5
8961	10353.0
89623	2.5
8963	38.0
89638	16.5
8965	830.0
8966	704.5
8967	101.5
89670	7.0
8968	199.5
897	289.0
8970	2755.5
89720	5.0
8973	650.5
8974	272.5
8975	1.5
8976	3.5
89763	4.0
89774	860.5
8978	124.5
898	2746.0
8980	12.0
89800	3.5
8981	1586.0
8982	72.5
8983	1660.5
8984	2810.5
8985	882.5
8986	22.0
8987	28.0
89872	3.0
8988	18.0
8989	69.5
899	4394.0
89904	801.5
8991	7.0
8992	8.0
89924	5.5
8995	4.5
8996	3.0
8997	6.0
8998	81.5
8999	37.0
90	53.0
900	1101.5
90015	2.0
9003	21.0
9005	126.0
90052	4.0
90061	7.5
9007	3.0
9008	15.0
9009	3.0
901	524.0
9010	349.5
9011	17.0
9012	3.0
9013	18.5
9016	9.5
9017	12.5
902	4289.5
903	6385.5
90374	178.0
90376	480.5
905	1752.5
90603	152.5
90645	71.0
907	299.5
90843	3.5
90873	3.0
90888	164.0
909	2183.5
910	4599.0
91010	3.5
91073	3.0
91094	280.5
911	1794.0
912	11520.5
91250	2.5
91261	6.5
91266	37.5
913	5171.5
91333	3.5
914	3939.0
91470	22.5
91548	33.0
91571	42.0
916	2675.5
91628	67.0
91673	53.0
91690	76.5
91694	15.0
917	362.0
91715	4.0
918	586.5
91873	7.0
919	9514.0
91902	17.0
91929	4.5
92	626.5
920	6049.5
92096	14.0
921	898.5
922	2969.0
92257	1.0
923	7607.5
92307	6.0
92309	55.0
92321	3.0
92352	4.0
92391	48.5
92393	14.5
924	10837.0
92424	4.0
92475	39.0
92496	31.0
925	38.5
926	2015.0
92681	90.5
927	254.5
92728	3.0
92751	11.0
92787	3.0
928	1913.5
92804	14.5
92819	7.0
929	338.5
93	512.5
93006	21.0
93061	23.0
931	873.5
93114	8.0
93116	8.5
93142	10.0
93164	50.0
93193	6.0
932	757.0
93212	22.5
93289	4.0
934	1523.5
93457	47.0
93492	3.0
93498	79.0
935	224.0
936	471.5
93649	7.0
93782	11.5
938	572.0
93840	1645.5
93855	198.5
93892	44.5
939	31.0
93907	3.0
93939	20.5
93946	10.0
940	1498.0
941	383.0
942	1023.5
94204	4.0
943	570.5
94352	4.0
944	337.5
94405	178.0
94478	460.5
94480	18.5
946	531.0
94649	13.0
94659	3.5
94663	5.5
947	659.5
94727	3.5
94739	3.5
94752	19.5
948	630.0
94803	7.5
94831	4.0
949	796.5
94917	13.5
94959	2354.5
95	7363.0
950	1334.0
95004	44.0
95010	4.0
951	1545.0
95137	4.0
95197	10.0
953	6348.5
95375	70.0
954	2407.0
95482	6.0
955	1718.5
95504	3.0
95506	6.0
95508	18.5
956	100.5
95600	3.0
957	99.0
95744	33.5
95752	4.0
95756	16.0
95771	13.0
95963	12.0
96	195.5
961	98.0
96105	1.0
96112	5.0
962	30.5
96239	2.0
96252	7.0
96255	2.5
963	144.0
96306	3.0
964	120.0
96411	39.5
96419	2.5
96460	4.5
96496	17.5
965	1432.5
96535	3.0
966	47.0
96631	5.0
96664	10.0
96683	4.0
967	64.0
96700	10.0
968	3294.5
96821	1740.0
96966	53.5
97	1039.5
97024	128.5
97046	3.5
97051	2.5
97128	3.0
97397	5.0
975	9.5
976	159.0
97643	9.0
97648	30.5
977	6.0
97794	2.5
979	25.0
97933	7.5
97936	109.0
97938	2127.0
98	9.0
980	39.0
98065	7.0
98085	13.5
981	52.0
98116	12.5
98120	9.0
98122	120.0
98193	14.5
982	178.0
98203	272.5
98246	2.5
983	1.5
98344	3.0
98369	12.0
984	60.0
98456	3.0
98491	725.0
98499	8.0
985	17.0
98532	6.0
98554	6.5
986	1115.0
987	101.0
988	162.5
989	29.0
98927	11.0
99	226.0
990	247.0
991	843.5
99106	48.5
992	64.5
99251	3.5
99258	3.5
99279	4.0
993	76.5
99351	5.5
99367	6.5
994	2073.5
996	1075.0
99642	8.0
99708	2.5
99846	0.5
99859	15.5
99861	15.0
99875	14.5
99904	6.5
